X Y
-3.375615 3.632363
-3.618828 3.786279
-3.485530 0.464121
-2.422184 2.101777
-2.127235 2.142973
0.656798 -0.351245
-3.769734 1.688523
-5.241005 3.575867
-2.289429 -0.057198
0.286449 1.033042
2.997771 -3.127543
0.746674 -0.846673
-3.119124 1.104976
0.847857 -0.399796
-3.458611 1.626909
-0.955588 0.388278
0.991929 -0.282637
1.012324 -1.347155
-3.204892 1.073893
-2.367211 0.513251
-3.130591 0.686585
1.388530 -1.445342
-3.476056 1.556348
-2.243599 2.223194
-2.086937 -0.713541
-3.093384 3.186697
2.260702 -2.633805
-2.313146 2.197919
1.301695 -1.582333
-2.553909 -0.184247
-2.805375 2.427707
-3.062399 0.446136
-2.978784 2.744041
1.677890 -1.210116
1.232243 -1.183790
1.168917 -0.786125
1.371890 -1.800002
-2.902712 2.977469
0.717256 -0.555650
-3.667338 1.921058
-4.468351 2.448541
-2.937150 0.985622
-2.769271 2.306005
-3.241143 3.099832
0.673806 0.068957
-2.546559 0.236588
0.163841 0.194156
-3.764877 1.271243
-2.724937 2.307722
-1.784857 0.944527
-1.716676 1.427646
-2.887895 3.134498
-3.125313 1.207084
-3.553138 1.132288
-3.600122 4.325784
0.870931 -0.834970
-2.871361 0.621023
-3.604214 4.134366
-2.097073 1.711682
-3.359289 3.053042
-2.177833 1.982496
-3.885900 1.725931
-2.274215 3.011313
1.830741 -1.642304
-2.195528 2.342739
-2.741980 2.800174
-3.089999 0.791335
1.038292 -0.510284
-3.081041 2.863069
-2.313629 2.694068
-2.588940 2.405604
-3.255669 3.126609
-2.978687 3.108203
1.585105 -1.816484
-2.925688 0.796630
-2.168424 2.440358
-2.471868 2.794895
-0.451282 1.297756
1.151283 -0.687853
-2.742033 2.803025
-3.047418 0.812918
-4.160939 2.694906
-2.247017 1.693481
0.290075 0.146305
-3.404036 1.569248
0.961803 -0.924579
1.522779 -1.224418
-3.299996 0.929885
-4.199505 2.791935
-3.866219 2.057340
2.544090 -3.328176
-4.348184 4.814722
1.075145 -0.924225
0.554789 0.248895
-3.500574 3.552716
-3.982674 4.186504
1.517459 -1.362194
-2.297723 2.548226
-2.283277 2.142664
-4.415329 2.868090
0.862593 -0.557220
-1.813522 -0.493211
-3.866673 1.678859
-2.712580 2.940722
-3.107947 0.330737
0.451382 -0.472156
-3.014456 3.981671
1.060935 -1.096324
-2.760573 0.179955
-2.531526 2.181154
0.234488 0.022083
-3.942320 1.550955
-2.966257 0.549410
-2.855796 0.158183
0.055917 0.884305
-1.291064 0.889535
0.814238 -0.663330
-3.487814 4.275749
-2.543544 2.622059
-4.399010 2.806568
0.856677 -0.662084
-3.863957 4.627872
0.655758 0.021644
-2.331676 0.095418
-1.982643 1.519807
1.295000 -0.976872
-3.701382 4.527684
-2.109454 1.676195
1.934229 -1.950997
-4.323412 2.354172
-3.077938 0.380865
1.892097 -2.497092
-1.789779 -1.548079
0.320476 0.212900
-2.024405 2.148786
-3.114728 3.442715
-3.220543 1.398760
1.364045 -1.286180
0.236931 0.195194
-3.271668 3.245330
-3.395979 3.881327
-3.084958 3.602699
-2.969386 2.717777
0.240177 0.655241
-1.918542 1.528462
-3.501637 1.860219
1.846043 -2.274169
-2.636246 2.788496
-3.039201 0.394364
0.736900 -0.742448
-1.799858 1.092633
-1.785938 1.398260
1.631113 -1.779763
-3.420422 1.360541
2.086288 -2.088633
1.614091 -1.638336
-3.189494 1.148826
1.743972 -1.885941
-2.750743 0.470628
2.081116 -2.164788
1.473533 -1.400523
1.301266 -1.687735
1.092425 -1.403187
0.697955 -0.435302
-4.835828 3.211480
-2.886553 0.667264
-2.224588 2.605453
-2.432547 -0.700124
-3.208667 1.288452
-3.407645 3.629309
-4.450781 2.969225
-2.792926 1.198302
-1.932834 1.563356
0.892370 -0.400727
-2.167455 2.134622
0.997079 -0.910130
-2.955708 0.837751
-2.648657 2.854542
-2.826576 2.635956
-3.055322 3.121320
-4.427556 4.173091
-3.153796 0.697399
0.517524 -0.198638
-1.988418 1.722626
-3.753779 3.915932
-3.581665 3.639161
-2.271857 -0.165151
-4.101469 4.496639
-1.997058 2.267700
-1.542670 1.233492
1.545397 -1.591012
-2.583170 2.694483
-2.870033 0.835563
-2.554880 3.126613
1.306642 -1.393397
-2.618002 0.233828
1.246921 -1.629214
-3.046062 3.255254
-3.826036 1.405089
0.745267 -0.642350
-3.172191 1.528811
1.283931 -1.490466
-4.340220 4.422240
-2.596257 0.156406
-2.683615 0.606656
-0.072311 0.845524
-3.473654 3.696188
-2.963816 0.771572
-4.116185 1.718083
-2.583688 2.890176
1.650499 -1.438819
0.342055 0.086749
-3.134902 2.878084
-3.504434 1.403038
0.638999 0.030699
-3.358806 3.649325
-3.596583 4.228014
-3.484131 3.576972
-2.731456 0.817751
-2.500780 1.791747
0.636133 -0.267700
1.185792 -1.275636
-2.565990 -0.220524
1.109131 -0.949357
0.312460 0.104278
-1.753148 1.727909
0.925542 -0.785312
-3.327275 1.391879
0.644557 -0.277102
1.978757 -2.917560
-2.829428 2.388845
-3.052284 3.656706
0.133297 -0.263628
-2.518512 2.243685
-1.956547 1.977954
-1.979985 1.472401
-2.867937 0.219474
-2.570704 0.226748
1.055212 -0.848708
-3.419307 3.857754
0.847074 -0.377899
-2.345894 2.528466
-2.029714 1.674083
-3.342144 0.892115
-3.159608 0.802699
1.294800 -0.532119
0.889061 -0.744528
-3.615117 1.232824
-3.188850 3.794906
0.782358 -0.577747
-3.235395 0.592257
-3.277896 0.398182
-3.213719 1.306753
-3.004645 0.489360
-2.584240 -0.081117
-2.777273 -0.240067
-2.256782 -0.249878
-2.558398 2.514197
0.907342 -1.282651
-3.021684 2.859854
-2.620575 0.422991
-2.298680 2.213295
-2.048497 -0.737855
0.712211 -0.032943
-2.368671 0.047767
0.763454 -0.736299
-2.519283 -0.360985
-1.841849 -0.447870
-2.254037 2.475306
-1.929962 1.466787
-3.326871 1.017125
0.307906 0.169951
-3.194783 0.463379
1.276546 -1.175274
1.464796 -1.007691
-2.975058 2.721383
-2.519970 2.467825
-4.048984 1.970941
-2.175611 -0.078032
-3.378024 3.143593
-3.701030 1.104291
-3.072295 0.709761
-2.414883 0.278358
-3.217165 4.002651
-2.874102 3.003903
0.115979 -0.053636
-2.805761 2.517495
-2.356887 2.435946
-2.246588 -0.322955
-2.551102 0.486284
-1.669386 0.636778
-2.642158 0.404882
1.552795 -0.977156
-3.286771 3.770611
-2.489609 2.362048
-3.728393 1.613137
-2.806293 0.902227
-3.316924 3.352789
0.759996 -0.344250
-3.244695 1.696724
-0.240001 0.877240
-2.809159 2.933569
0.625699 -0.412652
-3.812493 4.207018
-3.138839 3.236300
-3.436738 1.607237
-2.094537 -0.323840
1.227160 -0.641804
-3.756284 1.331811
1.476497 -1.804965
-1.333985 0.809903
3.218706 -3.971612
-2.215018 -0.330100
-3.345063 3.844594
0.962123 -0.975041
0.947210 -0.917774
-3.572504 1.766659
1.387648 -1.568674
1.333735 -1.465764
1.190129 -1.279939
-3.405092 1.205265
-2.697158 3.138090
1.978278 -2.220867
-2.020016 -0.806354
0.361241 -0.381389
-0.135389 0.941626
-2.018932 -0.606714
1.332970 -1.945539
-3.897286 1.971079
-2.755874 0.563713
-0.163376 0.672613
-2.076523 2.140234
-3.700766 1.710140
0.855741 -1.032459
-3.496554 1.507862
1.354443 -1.131341
-2.476385 2.162411
-2.283474 2.078599
1.327617 -2.373261
0.345976 -0.391574
-2.426554 2.084133
-2.696554 0.108415
-3.334696 1.241556
2.187439 -2.192113
-4.052104 2.369252
-2.505108 -0.038790
-2.344519 0.299884
-2.432747 0.003427
-2.690446 0.678498
-3.339275 3.818573
-1.313961 1.037230
-1.544789 0.695933
-1.469229 0.916440
0.886021 -1.117633
-2.855809 2.970061
-3.731512 1.249492
1.174861 -1.240958
1.906593 -1.934145
-3.703416 2.020942
-3.004622 3.298645
-2.846671 3.091589
-3.426138 1.357713
-3.219862 0.924808
-1.757492 -1.085807
-3.220385 3.116314
-2.865543 3.278977
0.146817 0.289379
-3.542312 2.064028
1.215949 -1.048920
-3.344659 1.158755
-3.945620 1.241568
-3.353503 1.246525
1.146708 -1.289801
0.485864 -0.278063
-2.582325 2.810457
-0.175046 0.754740
-2.317674 2.627331
0.051614 0.689049
1.742659 -2.129780
-4.386999 2.369494
0.194214 0.331655
-2.426503 -0.249637
1.203079 -1.195740
1.122529 -1.047206
1.017207 -0.268143
0.665544 -0.820042
-2.739855 2.583674
-1.423940 -1.393002
-2.029560 1.739097
-3.079143 1.199608
-2.744367 0.544724
-3.009003 2.801937
1.096672 -0.567399
-2.106686 -0.293518
-4.269602 2.647471
0.835091 -1.356064
2.355243 -1.994382
0.459061 -0.396543
-3.557877 3.493409
-2.904623 2.807886
-2.989446 0.914609
-2.531848 0.406672
-3.000502 0.998574
-1.687923 -1.532309
0.608620 -0.646068
-3.301729 1.029038
-2.956526 1.150744
-3.858133 1.683576
-3.117637 0.550697
-3.785608 1.652337
0.077085 0.358441
-3.586341 1.309294
-4.016014 4.861242
-2.239589 1.789782
-0.074291 0.560621
-3.469252 1.230472
0.655716 -0.434480
1.365962 -1.144134
-3.292842 3.085367
-4.125048 1.589856
-3.688291 1.360192
-0.135440 0.804635
0.676568 -1.099082
-2.922834 0.746785
0.588364 -0.085274
-0.193437 1.109093
-2.455192 0.385770
1.937225 -2.052391
0.403169 0.060455
-3.255096 3.533341
-3.642622 3.898556
-2.512634 2.127244
0.990050 -0.441185
-2.294791 0.049076
-2.290567 2.788979
1.808639 -1.867029
-3.315642 0.656019
-3.205046 3.459442
-3.554292 0.937379
-3.194228 2.929505
-0.213219 1.020893
-3.879167 2.121501
-3.914809 2.068429
-3.476229 1.694069
-1.326998 1.214485
-3.329617 3.785393
-3.332385 1.691053
0.669240 -0.428938
0.136771 0.475815
0.945781 -0.716202
-4.036297 4.432163
-2.601912 -0.163921
-3.214703 1.295519
-2.260074 -0.628951
-3.094616 3.557603
-2.085809 2.058358
0.977632 -0.540681
-4.009522 4.599108
1.756309 -1.521645
1.066269 -1.221835
1.404402 -1.781768
-2.324585 1.864274
-3.039592 0.940282
2.058837 -2.380972
-2.839038 0.391311
-2.145540 1.755003
-2.336343 2.122231
-0.262921 0.476636
-2.872681 2.760277
0.525581 -0.194702
0.172687 -0.466416
0.943589 -0.560558
-3.118281 2.938816
-2.810601 0.493066
-2.684113 0.087601
-1.565074 1.147659
0.059319 0.855779
-3.189749 3.787153
1.840179 -2.132883
-2.543304 2.607200
-3.542870 4.189748
-3.341412 1.283158
-2.817815 2.799090
-3.838145 2.260293
-3.464411 3.441618
1.917195 -1.956415
-4.507421 2.570548
-3.655743 1.960808
-3.341121 0.941574
-3.082715 3.364543
-3.784559 1.419577
-2.549991 2.460246
-2.807397 0.708233
-2.929515 0.290405
-3.277454 0.767379
0.427704 0.414574
0.927590 -0.606636
-2.626156 0.318262
0.055403 0.752773
2.381791 -2.754506
1.075306 -1.577113
-1.785301 -0.286042
-1.941446 -0.610381
-2.058233 -0.464864
-3.960256 2.203677
0.357460 0.238751
-3.961684 1.905292
-2.125357 1.791500
-3.152500 1.432388
0.819004 -0.557977
-2.316248 -0.190641
-1.520564 1.001857
-1.999410 1.461965
-3.431979 1.688493
-4.213431 2.713513
-2.416320 1.906234
1.546952 -1.776313
-0.578127 1.372514
1.618104 -1.499474
-2.301916 1.927877
-2.508474 0.103812
2.415145 -3.398180
0.792868 -1.081498
-1.856896 1.671206
-3.713211 3.865425
-4.455558 2.728441
-2.190667 2.355379
1.725652 -1.209018
0.262728 0.249684
-3.283468 3.298947
-0.084452 0.954052
-3.651428 4.648494
1.425859 -2.131763
0.995867 -0.860603
-3.679394 1.000062
0.628704 -0.082890
-3.153596 3.538649
0.790321 -0.419941
-0.905263 0.511810
0.949603 -0.640652
-3.658378 3.564993
1.208721 -0.742486
-2.845322 3.864063
-1.532602 -0.969495
-2.709785 0.998241
0.588321 -0.699591
-2.301049 0.230032
-2.342204 0.043254
-3.980467 1.996631
1.102936 -1.104452
-1.149706 1.072229
-3.251226 3.908197
-0.183669 0.894866
0.660569 -0.238339
-3.319500 1.063497
-2.833262 0.656933
-2.917920 2.511232
2.081868 -1.862488
-2.820787 3.060001
-2.684682 2.476368
-3.372832 0.919999
-3.042229 3.134643
-4.082161 2.002221
-3.966334 4.217750
-2.333167 -0.416533
0.952262 -0.370274
1.322328 -0.811047
1.555209 -0.837349
-3.196361 3.008309
-4.297520 1.991735
1.273738 -1.311770
-3.360461 1.358356
0.378939 0.158994
-3.065879 3.364610
-3.611021 4.205122
-3.736928 1.750987
-3.442767 3.194173
-3.561377 3.894241
1.556821 -1.345973
-3.928550 2.355351
-2.591331 0.404528
0.094078 0.632456
-4.230872 1.552902
-3.103728 3.244010
-2.732343 0.256047
-1.867065 2.507831
-2.660196 1.003773
-3.170818 3.624977
1.229949 -1.000618
-2.414141 -0.091470
-2.722785 0.293733
-2.625085 2.608457
-2.519232 2.178660
-3.797556 1.983641
1.204104 -1.141244
-3.094192 1.178559
-2.614029 2.617774
0.420307 0.146769
-3.055576 3.514999
-2.501500 0.585970
1.300660 -1.761130
-2.413303 1.902719
-2.624232 0.283107
1.814917 -2.046527
-2.618627 0.736183
-2.048449 2.087497
0.111186 0.050747
0.359238 -0.461913
2.305524 -2.255270
0.810422 -0.960937
0.359896 -0.141343
-2.319108 0.045465
0.899531 -0.703070
-2.864090 0.494093
-0.691993 1.158179
-2.743239 0.303478
2.583891 -3.181142
-2.399186 2.036317
-3.805110 4.035802
1.974259 -2.343593
1.446604 -1.356978
-3.303439 2.765756
-3.655257 3.553144
-4.398343 2.348145
0.346804 -0.334041
-3.478352 3.603058
-4.996937 3.263906
-3.248897 1.601320
-2.066753 0.437248
-2.419717 -0.439707
-3.180550 0.980412
0.096885 0.372061
-3.731193 3.547545
-3.017214 2.967657
2.451773 -2.438576
-1.375658 0.511697
1.672903 -1.895449
-2.987693 1.172966
-2.706073 2.652352
-1.796368 1.343336
-0.481715 0.439441
-2.262716 2.058564
-3.928235 4.532754
-2.284486 1.902099
-1.733252 1.256429
-1.591733 -1.378941
-3.730817 4.250201
-2.319994 2.042599
1.308260 -0.762742
-5.039399 3.121380
1.573951 -1.011766
-2.816219 0.314659
0.881443 -0.898381
-2.960640 3.384812
-3.358237 0.835689
-3.211474 1.059144
-3.623264 3.515810
-3.066852 3.283670
-4.118545 1.828034
-0.414269 0.713748
1.416313 -1.824313
1.290280 -1.315371
-2.641043 0.420373
-2.054278 1.596742
-4.727690 2.958708
1.611948 -1.368729
-3.831460 4.345069
-2.399189 -0.149405
-3.691348 1.852499
-2.941805 3.250331
-3.518669 3.265141
-1.477173 0.705031
-2.640402 2.837613
-2.858982 3.014980
1.009395 -1.436248
-4.666265 5.319287
2.136384 -2.210369
-3.384721 3.255912
-3.466638 3.653847
-4.471982 2.337050
-2.198802 1.896904
0.649211 -0.658424
-4.159119 4.920909
1.159582 -1.065861
0.413114 -0.322412
-2.795053 0.680696
-0.068974 0.843372
-1.830158 -0.765938
-3.946211 4.106297
-1.689500 -0.774068
1.948028 -1.588510
0.993402 -0.727908
-2.171864 -0.361219
-2.134318 2.047262
1.313873 -0.738413
-4.032371 2.143966
-4.154336 2.002153
-2.891742 0.697948
-2.930725 3.026173
-3.772073 1.811868
0.453847 0.465871
-2.913105 3.170939
0.967657 -0.567903
-3.561883 1.540341
1.047794 -0.925285
-4.423811 2.757468
-3.309514 1.174550
-2.246981 -0.245969
-3.673322 2.010838
-2.291374 1.634235
0.261487 -0.023571
-3.400835 1.033913
-3.646423 3.452710
-2.128769 1.768423
-2.456805 0.147917
0.742059 -0.370254
-3.421361 1.793167
0.575408 -0.075466
-3.003028 3.146000
-3.161768 2.991008
-3.110113 3.351998
1.445996 -1.301566
-3.009032 3.732121
0.176560 0.333061
0.833770 -0.591441
-3.317460 0.885676
-3.800209 1.947655
-3.108847 1.138306
-2.518282 2.674472
-3.362163 2.148539
1.121261 -1.156467
-3.620272 1.260762
-2.450679 2.645203
-4.029434 2.320919
-1.801399 1.703353
-3.573223 2.018549
-0.511291 1.151157
1.446947 -1.201221
-3.766345 1.884813
1.583560 -1.592359
-2.609672 0.383982
-0.283572 0.840410
-4.576291 5.720367
-2.505415 2.258746
1.648391 -2.083815
-2.923859 2.672833
0.507340 -0.595458
-3.134824 0.484548
-1.770466 1.858060
-2.255607 1.972339
-1.784780 1.252334
-2.374219 2.358908
-3.097271 0.813340
0.466369 0.258253
1.384816 -1.596441
1.496798 -1.460902
0.533090 0.006486
1.801388 -1.406140
0.362445 -0.025342
-4.240806 1.928838
-4.518898 5.689278
-2.776413 2.709689
-3.173767 0.500131
1.382852 -1.382343
-1.957794 2.255502
-2.033881 1.265207
-3.865349 3.966292
1.529772 -1.108631
-3.273856 3.321122
-3.387168 1.340702
1.574688 -1.410093
1.545527 -1.596715
-2.364994 2.288670
-2.956937 2.831051
1.764055 -1.208575
0.854623 -0.611035
-4.811055 3.037798
-2.705599 0.807992
0.699061 -0.555891
2.114877 -1.904949
-3.566014 1.216900
-3.216563 3.551115
-2.807485 2.535289
-3.367579 3.380205
-2.524754 2.617838
-3.030540 0.379010
-3.410755 3.602778
1.240216 -1.205836
-4.099111 1.911629
-3.171133 0.788659
-1.346875 0.984311
1.976769 -2.133925
-2.636809 0.876423
-3.132301 2.613359
-2.888567 2.377232
0.716303 -0.914827
-2.597338 2.415409
-3.573593 1.801126
-2.240044 2.591901
-2.495337 0.486024
0.249961 -0.074452
0.644822 -0.349561
-3.796808 4.327316
-2.706132 2.360901
-3.339467 3.441863
-2.488924 2.178670
1.068610 -0.486592
1.634727 -2.153440
-2.991547 3.301702
-3.331702 1.429457
1.865663 -2.354454
0.770696 -0.622127
-2.270803 2.294641
1.564312 -1.360083
-1.334162 0.856271
-2.019723 -0.395859
-2.654837 2.244620
-3.908495 1.873335
-3.072199 3.080397
-3.531480 3.910522
-3.224640 3.039642
-3.370828 3.391663
0.636473 -1.008061
2.166332 -2.187293
1.774942 -1.682807
-2.512870 2.370603
0.593542 -0.193202
1.345002 -1.435506
-3.611718 2.107299
-1.121777 0.472825
-3.016500 0.593716
0.565263 -0.148940
-2.895311 2.879781
-1.820890 1.362215
-2.203644 -0.321765
0.378682 -0.722576
0.680442 -0.199449
-3.297968 3.619416
2.186335 -2.766006
-3.310936 0.528179
1.684532 -1.916432
-2.300853 -0.001377
-3.124604 0.824459
2.775465 -3.004028
1.008857 -1.187590
-3.639065 4.050112
-3.148959 3.444232
-2.610719 2.176450
-3.423316 1.378177
-3.968042 1.387309
-2.408513 1.907296
-2.448920 2.519151
-2.746887 0.476088
-2.227839 1.735055
0.709787 -0.828298
-0.325770 0.948771
-3.317331 1.678182
-2.912653 3.066232
-3.121760 1.098603
-2.435404 -0.225527
-3.419146 1.789652
-2.598625 0.021124
-2.917529 3.459949
-1.845641 -0.016424
-3.115127 0.675716
0.750946 -0.472906
-2.667584 2.628838
-1.958024 -1.141662
-2.512172 3.007360
-3.135412 0.692417
0.820570 -0.359877
-2.468336 -1.056562
-4.974698 3.341465
0.339322 -0.154014
2.013967 -1.790096
0.850684 -0.749021
1.735672 -1.777966
-2.794537 3.298001
1.417260 -1.987436
-3.536114 1.711407
-2.362132 1.804357
-4.338619 2.943992
-1.980649 1.913028
1.484539 -1.127979
-3.754527 1.780334
-3.598486 1.366421
-3.559866 2.428004
-3.388564 3.477643
-2.522423 -0.581888
-1.896826 -0.539497
-3.132137 3.374764
-2.374615 2.573803
1.089478 -0.932289
1.345452 -1.024727
0.746373 -0.146860
-2.271211 2.149956
-3.976949 2.745575
-2.655515 2.060325
-3.682927 4.225994
-2.806682 0.455333
0.561727 -0.751142
1.028133 -0.781139
-3.350162 1.715981
-3.448786 3.796702
-5.700802 4.472004
0.019500 0.787689
3.040903 -3.776532
-2.826386 2.730587
-2.409496 -0.218442
-2.946566 0.553348
0.259170 0.509157
1.216443 -0.996202
0.990802 -1.423146
0.449224 -0.374744
-4.468769 5.372734
-3.717222 4.468207
0.437230 0.153896
-2.241870 1.975492
0.509636 -0.115784
-2.939029 3.199808
-3.020481 0.957618
-2.400794 3.127896
1.455829 -1.675943
-2.998275 3.250574
0.589175 -0.384450
-2.594017 2.451083
-3.067307 3.342530
-3.908881 1.572458
-4.363595 2.126140
-3.321245 0.829135
0.121051 -0.077175
-1.964123 2.126407
-1.172453 0.699097
1.722781 -2.016223
-2.485949 -0.045543
0.423936 0.106730
-2.272664 1.884784
-2.787880 0.127215
0.039040 0.416155
-1.502204 1.248588
0.713404 -0.433642
-2.801452 0.378471
-3.364074 1.259187
1.151769 -1.501177
-3.225121 0.614648
-1.730952 1.296466
-1.758081 1.768729
-3.396543 4.301051
1.095926 -1.129460
0.364164 0.715216
1.340886 -1.065346
0.705785 -0.442688
1.143168 -1.522688
2.015879 -2.037218
1.107648 -1.119701
-3.473467 1.727024
-2.237219 0.293363
-3.678476 1.772529
-4.206477 2.413238
-2.903820 0.515338
0.726094 -0.772203
0.253099 0.143665
0.026879 0.487718
0.772986 -0.907828
2.403690 -2.548682
-2.258048 2.448115
-3.260563 0.813807
-1.661000 0.968882
-1.106177 0.859694
1.037622 -1.120930
-4.276981 2.293200
1.089367 -1.556740
-3.544652 1.949479
-3.528675 1.499827
-2.037670 1.577217
-2.982803 3.005832
-2.289130 -0.424697
1.529941 -1.707711
-3.863823 1.704033
-3.258110 1.414637
-2.440877 2.685241
1.766467 -2.140868
-3.362537 1.079868
1.535994 -1.174008
-3.774272 3.838689
-2.914947 0.240768
-4.692549 4.544872
-4.258258 5.120984
-3.841177 4.078693
1.604151 -1.419727
-4.140751 2.066243
1.785281 -1.420476
-2.250342 -0.377577
-2.164947 -0.518430
-2.339595 2.095235
-2.024186 2.068601
0.742957 -0.244688
-3.189480 3.197747
0.058058 0.937297
-2.805338 -0.444223
-3.356831 1.348469
1.132856 -0.686529
-3.064686 0.910676
1.399027 -1.491408
-2.106291 1.324610
1.651477 -1.456473
0.827290 -0.576573
-3.666939 1.412078
-2.818217 0.601476
2.545701 -2.845790
-2.009554 1.472042
0.180986 0.901179
0.374259 0.273857
0.576853 -0.086767
-2.580982 2.869060
-2.835162 3.651829
-3.509881 3.751140
-3.523448 1.380292
0.904202 -0.672385
0.489964 -0.549838
1.125071 -1.136337
-3.960587 2.538777
-1.630615 1.616914
-2.228277 1.592810
-2.536376 3.002723
1.044027 -1.171842
-3.553518 3.471261
-2.688203 2.683507
-3.590680 4.464775
-3.676103 1.441690
-4.556948 2.681036
-3.210798 3.063352
-2.721816 2.800807
-2.844053 0.053387
-2.408586 1.872536
-2.995044 1.151233
-4.672412 3.162461
-3.860708 3.606230
-3.498515 3.397764
-4.835722 5.345716
1.520965 -1.334043
-2.821680 3.262387
-3.442859 1.268086
-2.350994 2.287966
-3.479920 1.596112
-2.613123 0.361626
-0.162438 1.152722
-3.352838 0.807314
-3.053028 0.790654
-2.667702 2.920972
0.466116 -0.223866
2.038150 -2.452326
1.637720 -2.229075
-3.354812 1.556268
-3.169052 3.596070
1.375831 -1.704415
-2.920414 2.968156
-1.573778 1.438747
-3.333003 1.285427
-2.630580 0.267189
1.557669 -1.803220
-1.706892 -0.760426
1.237965 -0.709985
-3.680789 1.573065
-1.885713 -0.519761
-0.980083 0.836907
1.208226 -1.003032
-2.024635 2.038595
-3.137245 0.633314
-2.784476 2.574432
0.605467 -0.416129
1.320218 -1.755507
0.894410 -0.846196
-1.924062 1.808134
-2.592503 2.769305
1.769121 -2.198445
-1.760814 -0.387639
-2.595459 2.323255
-2.926395 0.639531
1.094840 -1.014586
-3.476671 1.699364
-2.586643 2.781237
-2.707979 2.625700
-3.375347 1.253987
-2.762551 2.754919
-3.013055 0.769775
-1.721543 1.165330
0.183124 0.546550
-2.149061 2.085950
1.748931 -1.824489
-2.758596 2.477669
1.639733 -1.351428
-3.965158 2.256667
-2.826656 2.849857
-2.284750 2.415005
-3.278044 3.108384
-3.564427 0.916962
0.250920 0.150554
0.779785 -0.628377
-1.642720 1.113756
-4.701946 3.184526
1.452468 -1.368967
-2.562078 2.666289
-4.827156 3.271829
1.409084 -1.723850
-3.471648 1.373864
1.290880 -1.297429
-1.794707 1.490692
0.602575 -0.017503
0.516978 0.421095
-2.172986 2.132563
-0.627137 1.321845
1.051741 -0.556679
-1.880731 1.547668
2.036389 -2.281509
-3.869647 2.224670
-3.860706 2.128667
1.432313 -1.320667
0.604240 -0.497263
0.169768 -0.082751
-1.922184 1.839259
-4.732943 2.831221
1.395718 -1.188779
-4.018117 3.511884
-0.333331 0.115808
-3.978628 1.912171
-2.581294 2.455348
0.992936 -0.889981
2.158365 -2.437149
-4.392047 2.985116
-2.016187 1.824730
-4.676104 2.943264
-2.160227 1.924008
-3.388661 3.344963
-2.237023 0.388771
-2.848329 3.186762
1.639828 -1.464326
-4.377795 2.319723
-3.314999 1.436468
0.468345 -0.501517
0.922712 -1.803488
0.729414 -0.670228
-0.556139 1.068375
-3.451897 1.780078
-2.789982 0.797490
-3.158030 0.907924
0.468640 0.169830
-2.115852 1.784982
-3.568382 1.489122
-3.847805 2.180952
0.099003 -0.054689
-3.291981 3.113612
-0.550638 1.478623
-3.362848 1.112393
-4.069830 1.866475
-2.017613 -0.360238
1.485375 -1.203530
-2.562969 0.684055
-3.347789 3.168862
-4.867425 3.181092
-2.196981 -0.753856
-2.491317 0.492250
-3.247186 0.885463
-2.417888 1.759276
-2.806822 2.628434
1.634488 -1.730603
0.186543 0.167757
-4.209223 2.711527
-3.098532 1.027757
-2.531862 2.180414
0.747349 -1.530070
-2.897357 0.336086
-3.057870 2.997084
0.959155 -0.821216
-3.413202 0.979894
1.865064 -1.773575
-3.354656 2.596968
-2.708504 0.728545
-2.381345 1.897870
-2.693199 2.052472
-2.963302 0.943169
0.049341 0.268674
-3.704361 4.304332
-0.066833 0.871219
-2.744078 1.098101
-1.547357 1.586652
1.174827 -0.859258
0.112520 0.377001
0.609381 -0.484342
-3.388372 3.511744
-2.862563 2.837061
-3.281373 3.387696
-0.313557 0.533740
-2.557136 0.102490
-2.656680 2.409642
-2.577822 2.642003
-3.206886 1.161859
-3.848125 1.463257
-3.545726 3.787320
-2.941900 3.342570
-3.126003 3.069919
-3.213667 3.845669
-2.554600 0.633991
1.506476 -2.103212
-1.786869 1.351678
-1.521372 1.462276
1.023660 -0.923737
-3.760813 3.945139
-2.626835 2.818264
1.141012 -0.540851
-3.801363 1.833969
-3.496475 1.347726
-3.592280 1.800702
1.702023 -1.587479
-2.589434 0.372098
-2.445424 0.065944
1.715488 -1.771885
-3.042636 2.765045
-3.296839 1.414564
-2.901666 0.375258
-3.136158 3.011962
0.301272 0.888552
-4.114742 2.320203
1.979047 -1.908709
0.496848 -0.222827
1.097423 -1.036431
-2.967653 2.791485
-2.552471 0.126915
0.574134 0.149227
-2.079069 -0.749281
-2.510656 2.517786
1.681161 -1.761686
-1.758196 -0.920882
-2.235521 2.184190
-2.246741 1.833584
-3.017026 0.363421
-2.882878 0.504513
1.085153 -0.958043
0.081463 0.495066
-3.565592 1.388090
0.031150 0.075535
-3.089705 3.358949
-2.719125 0.301410
-3.666246 1.598442
-2.579074 2.850426
-3.924006 1.841024
0.405404 -0.034453
-2.634994 2.960382
0.139787 0.634956
0.450567 -0.191006
0.169517 0.168223
-3.721816 3.887348
1.303097 -1.078314
-2.087381 -0.608826
-2.983026 2.960591
-2.909426 0.590908
1.392432 -1.480922
-2.648568 0.882890
-4.122382 2.057622
-2.319358 2.016966
0.584978 -0.562589
-3.537809 3.535690
-3.476748 1.513078
-2.872764 3.076126
-3.101704 3.367168
1.272031 -1.372078
-3.678624 1.744481
-3.854309 1.760679
2.070892 -2.807155
-2.852153 2.619250
-3.423921 3.736719
-2.806979 2.193099
-2.215365 2.279467
-3.454360 1.424408
-3.851928 4.441620
-2.966507 1.099837
-2.579751 0.661439
0.955207 -1.064954
0.162076 -0.082174
0.479925 0.191658
-2.812069 2.754669
-2.348495 -0.115914
-2.240294 2.165964
-2.733255 2.778286
-2.466705 -0.769491
0.572809 0.653330
-3.081863 3.413034
-3.924024 2.270176
-1.952804 -0.822602
-3.510478 0.900308
-2.393354 1.897209
-3.432254 3.581334
-2.826826 2.725560
1.408521 -1.389365
-1.313086 0.850070
-2.935944 3.287104
0.344720 0.109307
0.830791 0.178916
-2.995087 0.461894
0.637594 -1.220066
-2.437974 0.481733
-2.847405 2.632216
-2.897685 0.863729
1.198439 -1.087746
-3.089882 1.172733
-3.132481 0.839575
-3.561695 0.919918
0.882456 -0.722130
0.866662 -0.840987
-2.177473 2.063718
0.244131 0.045183
-3.566484 1.401794
-2.867493 0.250543
1.011969 -1.316544
-3.692807 1.266494
0.626351 -0.182787
-3.712608 4.637634
1.927561 -2.480389
0.896638 -0.375009
-2.498054 2.661526
-3.132755 2.905654
0.711555 -0.118008
-3.111789 0.969147
-3.588290 3.900147
-3.577262 1.677829
-4.458230 3.024154
-1.987150 2.453017
-2.132536 1.746455
-2.383653 0.111859
-1.852207 1.564792
-2.978720 2.906228
-2.705481 2.567408
-3.226976 0.727230
-1.933730 -0.701529
-2.563869 2.808619
0.874349 -0.192120
-2.836772 3.200742
-2.553700 2.295928
-2.233331 2.187392
-3.047975 3.165002
-2.485150 2.113494
-2.889837 0.464126
-3.344621 3.312285
-4.309921 2.734867
-3.436045 1.277922
0.847272 -0.272184
0.532096 0.030290
-1.631947 1.589112
-3.385516 1.534087
-3.821372 4.230736
-4.356682 2.236411
-2.529057 0.257267
2.024991 -2.379391
-3.035206 0.683299
-1.937875 -0.740600
0.766747 -1.174275
0.938448 -0.771300
-3.484324 0.839765
0.883384 -0.675551
-3.252922 3.403016
0.748399 -0.935806
-3.171390 0.597772
-2.632733 -0.477170
-1.845418 1.671208
1.894031 -1.466087
1.241209 -1.279359
-2.423758 2.808350
0.637323 -0.473850
1.692416 -1.927823
-2.516019 0.452949
0.999307 -0.788613
-2.814613 2.924506
2.738050 -3.087452
-3.793136 2.413436
0.817539 -0.461701
1.101459 -1.072789
1.096715 -0.723160
-2.558801 0.066967
-2.404734 0.275367
-3.045657 0.579163
-2.091245 -0.972495
-1.697907 1.335269
-2.737051 0.244175
-1.988359 2.204330
-3.799378 3.955976
-2.472719 0.524202
-2.521874 0.043030
1.026011 -0.792085
0.067682 0.195541
4.141694 -4.877328
-2.548697 2.387102
-3.265093 3.362366
-1.739226 1.431927
-3.571653 1.168150
0.887240 -0.946148
1.680620 -1.712560
1.636301 -1.547871
-2.432333 2.162521
1.037826 -1.236199
-1.851622 1.627047
-3.045435 1.019784
-1.855332 1.596998
0.613097 -0.583153
-3.545841 1.288822
0.910465 -0.618032
2.084834 -1.916360
-2.564967 0.209950
1.207917 -1.038725
-4.319728 2.391545
-2.066197 1.807652
-3.077639 3.096158
-1.619559 1.363669
2.026346 -1.933484
3.094731 -3.210689
0.700384 -0.472737
-3.153590 1.169963
1.915520 -2.055170
0.139129 0.589724
0.439564 0.548039
-2.771530 2.800865
-2.480006 0.359967
-4.295728 2.733282
-3.635523 1.586945
0.932349 -0.738875
-2.345266 2.291958
0.068517 0.267114
-3.263798 0.973180
-2.063175 2.344433
-2.104968 1.821890
1.418726 -0.989014
1.266482 -0.653675
-2.200534 0.545381
1.919576 -1.491462
-3.426716 0.925268
-2.874748 0.550247
0.343693 -0.048373
1.190108 -1.317354
-0.584187 1.229073
-2.714423 3.191974
1.134343 -1.190204
-3.563389 4.244319
-3.605831 3.296280
-2.654079 3.033821
-3.301015 1.570165
1.287113 -1.284846
0.816971 -0.728123
-3.322829 1.385017
-1.578906 -1.233228
-2.414635 2.565192
-2.666035 -0.128200
-2.682915 0.131241
-2.249565 -0.317096
-0.062403 -0.045264
-3.337894 1.276187
-1.618772 -1.288567
0.807608 -0.081964
-1.673493 1.877792
-4.065198 1.830954
-2.322380 2.600233
-2.734103 -0.138685
-2.754594 2.429950
-3.895061 4.382180
-2.655367 0.516515
-2.340817 2.236118
-2.840756 3.065479
-2.247675 2.098248
-3.013420 1.409818
-3.982676 4.106909
-4.294544 4.375558
-4.654809 2.884403
-1.733883 1.556062
0.337356 0.103714
-2.833069 3.029279
1.608590 -0.889463
-2.496306 0.525129
0.664755 -0.843078
0.599708 -0.447158
0.382654 0.239402
-2.993798 1.091260
-2.703097 2.621159
1.434172 -2.183263
-3.706101 1.261843
-3.769127 2.102126
0.724961 -0.167363
-2.829614 3.077930
0.929411 -1.124161
-0.320004 0.187519
1.528515 -1.685192
0.206282 0.553309
-3.498764 1.231812
-2.766527 2.799538
-3.667490 4.266500
0.184681 0.692758
-4.048280 2.043561
1.425730 -1.439523
-2.425565 -0.265186
-2.817634 3.197943
1.179628 -1.542625
-0.497381 0.782278
1.130899 -1.130334
