5.867498 8.177152
5.613700 9.932955
7.225084 10.448862
6.762823 0.605145
8.016182 1.543147
8.401854 -0.373481
6.511923 9.813429
7.399680 0.912589
-4.984363 -11.422275
9.888251 0.902414
8.800021 8.543235
7.953114 8.368977
6.108461 8.233440
8.339755 8.888150
8.883611 9.015899
-6.668437 -9.357072
-5.139044 -10.148312
-6.916204 -11.329596
7.034432 9.697367
-5.946671 -11.180650
7.105964 2.135146
-4.600209 -10.489898
8.248408 8.282913
8.953624 9.489034
8.330234 0.862130
6.434920 9.974161
7.825654 1.488380
8.185340 1.385267
8.263075 -0.344622
7.950234 0.716069
7.413953 -0.045716
7.336543 2.193164
6.796159 1.594133
7.266973 9.870458
-5.028964 -10.028586
7.700350 8.341072
9.815883 2.286650
6.696277 0.360842
7.269470 10.983204
-2.981920 -9.786117
7.309448 -0.732559
6.739826 10.116724
6.166919 2.868433
8.112973 1.285645
8.062629 0.343327
8.264292 2.109578
7.782240 8.550832
9.193773 10.267867
10.407778 -0.004842
-6.311133 -9.809742
-6.084724 -9.845478
7.759315 9.129635
-4.673250 -10.105216
7.686262 -0.042551
6.036713 0.710247
6.107234 1.730103
-5.687296 -10.893469
5.109272 1.205277
7.141716 0.103115
8.210793 9.622314
7.011199 -0.076765
-6.467230 -10.541972
6.553291 1.112520
8.682096 1.948443
7.277755 10.768248
7.281168 0.158480
7.248313 8.094623
8.993880 2.203768
7.926478 2.563457
-6.153014 -10.119245
-6.602075 -8.050079
7.983011 9.857536
6.915117 8.648124
-5.128680 -8.834628
6.158955 8.702087
8.700973 0.258314
6.710244 -1.332683
7.829582 8.897791
9.682462 9.311575
-5.974428 -9.309509
8.818758 11.027688
8.856582 9.522040
9.006186 1.302993
7.048082 -0.589016
8.814392 11.143106
7.825101 8.418653
-5.194237 -8.945433
7.799108 -0.252900
7.568334 9.324433
8.337790 1.735394
7.366828 0.066457
6.160280 0.622270
7.145159 0.914675
8.224758 2.500053
7.206528 -0.465793
7.041872 0.010189
6.257732 9.496432
-5.199034 -9.399785
-6.048290 -8.427778
-4.154160 -9.012170
8.182404 8.170000
-5.221746 -9.926625
6.070749 9.846403
8.386556 8.825780
8.179926 0.330588
7.448945 0.542496
6.025452 8.306239
-5.912723 -9.954249
8.189047 10.590292
-5.123443 -9.374060
-4.825442 -7.666739
9.941099 9.223957
5.938560 0.693101
8.700355 0.261067
-4.330978 -10.030882
8.296088 1.922766
7.651027 9.739169
7.212576 8.617371
-3.898185 -10.204066
5.717053 8.807722
6.974228 9.558968
9.621222 0.925423
5.759564 0.926053
6.730299 0.054576
7.727471 9.039188
5.678211 1.001085
-5.272910 -11.209668
8.386085 2.096626
7.380180 8.530768
-5.702407 -10.789174
7.771387 0.897939
-4.936735 -9.191001
7.452721 9.412410
7.144243 8.889174
6.083609 2.294314
5.034494 0.858025
-5.124425 -9.843945
-4.004155 -8.428161
8.601997 8.326589
7.559012 10.540869
5.590110 9.911879
-5.947251 -8.538809
7.000586 0.139336
8.924097 1.083778
6.174767 9.212977
-5.003227 -9.416962
7.938291 -0.256238
-5.023068 -9.999459
8.463323 0.602673
6.794440 1.802250
10.398840 0.055219
-5.076041 -9.351846
8.229433 8.763344
7.924351 -0.121684
8.204207 9.314904
7.572268 0.502943
6.483637 9.310329
8.432770 -0.849768
7.698207 0.799588
7.423824 8.678360
-5.046755 -9.795698
8.873569 8.780775
-4.836512 -10.226729
8.815457 8.763860
6.754451 9.745319
7.799247 10.595770
-4.779839 -9.390613
-6.454226 -8.711282
-4.228722 -8.302066
7.969147 -1.573852
7.931949 8.495615
-5.658577 -10.289716
7.578183 9.586292
-5.520147 -11.129964
7.620516 9.371448
7.077847 0.541486
-5.242539 -9.049482
-5.686219 -10.303953
9.401730 9.554224
7.046622 -0.261144
6.472682 1.689785
5.801720 8.788728
8.293644 8.688942
6.859849 1.303553
-3.991123 -10.907403
-6.272961 -10.880660
5.697202 9.488590
8.171724 0.422487
8.288000 10.032991
7.248120 8.015369
6.654541 -0.307028
7.186551 10.623323
5.667213 0.423827
7.686797 8.254407
6.360254 8.951396
8.368110 -0.017103
6.827991 2.370644
-4.935838 -9.496398
5.252138 10.855693
7.992615 2.418180
9.197833 1.203680
6.561815 1.608630
8.011886 9.659491
-6.339455 -10.265202
-5.877460 -9.826309
-6.685750 -9.300201
-5.769444 -9.712366
7.061273 1.665922
-5.668251 -9.022959
7.395239 9.144728
-6.148547 -10.162808
7.112535 9.433268
7.579297 8.767231
-5.599813 -9.907355
8.226935 -1.635784
6.376794 -0.066992
6.305750 0.067270
-5.337616 -9.514251
-5.412504 -7.661568
-3.913669 -11.171475
6.715800 11.406780
-3.391750 -8.467334
7.354938 8.772337
7.484860 0.334114
7.757043 -1.310971
-4.971562 -11.948623
-5.627892 -9.513651
-6.384983 -9.556306
7.507435 8.124839
6.137357 8.287570
-5.586849 -9.684108
5.949917 -0.167462
7.928011 2.269576
7.941566 10.170171
-6.497351 -11.116632
-4.885401 -10.238485
7.123834 0.087758
-5.973426 -10.996414
7.589378 -0.167789
7.474636 -0.904513
7.784303 8.430801
6.657044 0.333342
7.914507 7.635032
-4.030549 -11.306094
-5.195396 -10.132466
6.516825 1.852135
8.437053 0.668562
6.891390 -1.158566
-5.777411 -9.815015
-4.965454 -11.080375
8.619899 1.016834
8.052923 9.918080
7.554011 8.738247
7.648312 0.811504
-5.773455 -9.032891
-6.947862 -9.113134
7.597088 10.819670
7.020467 7.942510
6.936274 11.677248
6.485410 1.255819
-5.542649 -10.680766
-6.262844 -11.427009
-5.526645 -9.345114
-4.052737 -8.296404
7.415264 0.054831
7.206159 -0.138644
-3.896186 -9.235612
6.183597 9.289306
8.812804 9.508616
8.717863 0.760384
6.425969 0.634472
6.782662 1.422563
7.898578 1.418359
-6.321503 -12.477430
7.604072 1.480343
-4.378760 -11.288957
6.517730 1.236533
8.866536 0.200366
7.322521 10.456618
6.285687 1.410280
7.162514 9.748787
6.173574 8.737566
7.404210 1.520784
-5.507235 -10.642104
7.274233 9.184600
8.444137 9.115411
7.008466 9.899915
5.278018 8.934741
5.396592 1.995924
-5.804976 -9.490485
9.398988 -0.638858
-4.923978 -10.156468
-5.163225 -11.050283
7.744040 9.388196
8.274580 10.191911
6.889958 8.462770
7.977279 1.614616
10.243581 0.997858
6.267921 0.981579
8.461108 10.042534
7.535756 1.428795
-6.116768 -9.227530
-4.953191 -12.409427
7.292628 9.877746
-4.839111 -10.522750
6.742222 1.303633
5.525687 10.349555
6.278772 8.721864
8.922909 0.853333
8.079253 10.588201
5.073375 10.524830
6.892289 8.606343
8.322451 9.678192
6.799956 -0.420977
-3.901794 -9.762028
-4.848706 -8.955612
-5.275601 -7.935770
-4.965433 -11.144091
9.192960 1.312699
-5.164328 -9.226731
7.806940 1.950786
6.658775 8.863417
-6.957504 -9.518425
8.064823 0.616729
8.813583 10.382552
-5.530021 -9.496752
7.897658 8.219548
6.653498 8.848928
7.754057 8.748100
7.829448 9.626272
7.263035 0.257083
-6.761777 -9.084682
-6.138171 -11.320606
7.295866 10.817327
6.367226 0.753697
-5.367784 -10.485624
7.986670 1.105435
8.612048 -0.320891
7.868496 0.329509
7.325122 10.332907
-6.014069 -10.072652
-4.512562 -11.610682
-4.930324 -8.422557
-4.599536 -10.012626
7.188814 -0.127003
8.616486 10.436750
6.794748 0.129047
-5.895627 -10.498944
5.986641 0.903826
-4.629691 -9.644349
8.652565 9.607718
-4.127253 -9.872241
5.054085 10.079010
-5.777609 -11.099854
7.754647 1.332588
9.629416 0.203583
-4.010052 -9.824520
6.172811 -0.851689
6.757510 -0.408699
-2.852398 -10.248302
6.477723 1.133324
-3.999783 -7.895411
9.188100 -0.585600
-6.007117 -8.613908
7.221274 -1.292635
7.776829 -0.500620
7.571705 10.466173
-3.890773 -7.710614
-3.734281 -10.440146
-6.261044 -8.324072
-4.491546 -10.096166
-6.227447 -8.886069
6.963359 0.898716
7.740678 3.529122
8.736358 8.122920
-5.894203 -10.351189
6.851575 -0.167537
-6.902538 -9.264791
6.657127 7.727562
-6.949737 -7.561796
6.875863 9.697031
5.480656 9.800609
-5.333602 -8.730375
7.400261 0.493742
5.897035 2.102603
-5.663766 -10.765885
7.057915 11.329980
7.466232 10.638919
6.167672 2.310936
8.002369 10.169173
-5.015651 -10.724117
7.275173 -0.253081
-5.401490 -10.093385
7.287250 7.620998
4.782467 9.350573
8.174433 1.124658
-4.803074 -10.665703
-3.359832 -9.584547
-4.989015 -8.785369
7.074739 -0.840323
-4.999859 -8.228212
-5.637846 -9.761487
7.144105 8.952097
-5.571446 -9.558557
9.105618 8.300959
7.541073 8.998106
8.031275 8.377475
7.094764 8.325454
8.015584 11.142980
7.256534 0.008268
9.036123 0.975633
6.988026 0.624052
6.396922 9.595336
-5.518649 -10.409052
7.594857 0.421987
-3.751061 -10.215988
7.738310 9.562369
7.446370 11.436750
-5.088094 -8.795513
-4.872601 -9.587977
7.114002 2.133040
6.535527 7.706941
-5.670215 -10.359268
-6.697774 -10.323325
9.456209 10.191306
8.203245 1.029187
7.796507 1.490080
5.509591 10.149652
6.655891 8.010926
7.059156 1.125375
7.599264 0.265096
7.385361 0.763920
6.354469 10.864033
10.026166 9.903861
7.148329 8.176261
-5.468195 -9.043324
-2.972678 -8.602079
-4.322393 -9.052794
9.036123 9.904657
6.983623 0.426530
10.529056 7.913195
7.571351 8.967154
8.076808 11.745796
6.519829 0.354864
-4.723175 -9.110329
5.932666 1.331731
7.197690 9.758363
6.876047 8.505384
7.324242 0.709480
7.460676 0.256750
6.079037 1.102667
6.029379 10.319741
5.327806 8.178004
5.521618 7.984464
-4.020878 -9.283537
8.061641 8.437370
-5.994419 -9.980941
-6.496774 -9.845715
6.341026 9.701048
9.492081 10.826709
7.981794 0.870678
5.726096 10.122723
-4.391901 -9.736119
-6.700289 -10.100294
7.144611 11.254632
7.157023 10.019030
8.356889 9.043980
8.313412 9.983846
-5.524174 -8.738527
7.396867 1.415171
7.177998 2.858352
7.828329 7.768649
-5.387475 -9.249678
6.159925 1.477024
-7.243632 -9.839329
6.857695 10.301059
8.584661 1.957400
-4.705895 -9.724025
7.107933 9.782900
-6.028816 -8.827896
9.898970 0.680812
6.637799 -0.612237
8.185145 9.513378
7.379562 0.401177
8.361866 9.089581
-5.582235 -10.334677
6.544332 0.360126
8.766431 9.303503
7.654011 9.608542
-6.560867 -10.688972
7.282132 0.692493
8.758950 8.375097
-5.616861 -11.412049
-6.123254 -10.029311
6.872085 1.263368
8.227999 9.813318
8.822174 10.762322
8.380574 9.997721
8.004023 0.251839
7.439479 8.842126
-5.904396 -7.729471
6.089080 -0.198432
-4.834444 -10.502126
7.252454 1.303707
7.849855 9.960506
7.294340 9.794865
-5.015707 -9.842442
7.583891 1.062689
7.498144 9.296770
-6.605666 -8.971655
6.917124 9.038447
7.407839 6.936331
-5.786755 -9.584086
6.299509 10.405432
-3.579962 -9.514041
-3.776806 -9.986767
7.761341 10.012594
7.809040 0.656414
7.529945 0.934866
-5.360499 -9.798901
-5.531019 -10.892413
-5.885776 -7.667974
-6.071612 -10.807269
6.687006 1.361239
-4.654292 -9.369373
-6.221673 -9.699832
6.177797 2.287181
9.471612 -0.175411
-3.905100 -11.256848
6.124078 0.363509
6.258171 9.795055
7.942516 0.004124
8.749479 -0.195377
7.790889 0.522684
-6.153253 -10.497101
6.553639 1.870611
8.065051 1.138682
-5.352477 -7.617967
-5.818032 -8.740605
-6.422308 -10.873142
7.488428 -0.175688
-5.332054 -9.346810
7.906519 9.280030
7.666403 9.688327
6.845490 9.753306
7.462705 9.596281
7.199933 9.223368
7.298511 -0.613735
7.943106 8.206222
9.170618 10.376907
8.301259 9.663941
7.082716 1.977246
5.318576 1.210728
7.250170 -0.147818
8.628705 11.263554
6.822998 0.277140
9.403531 8.095921
7.761269 2.000565
8.483855 9.827471
-5.743348 -9.040961
8.993342 9.731349
6.457951 0.574883
-4.286215 -10.110671
6.876264 9.226010
-4.400708 -10.263165
8.343617 8.737977
7.617174 0.251836
6.137534 8.370530
6.355115 0.774427
5.280549 -0.644611
-4.925529 -11.740311
6.737252 10.258756
6.790188 1.567668
-4.556844 -10.433912
8.562582 8.121830
-3.901868 -10.298162
-4.946429 -9.047984
-4.981715 -9.858146
-5.805861 -9.381421
-4.120200 -9.767323
-3.979840 -9.389146
-4.367224 -9.692845
-5.225280 -9.401169
8.288271 10.717308
7.092762 12.271742
-4.027710 -10.805368
7.550180 10.247657
-6.394481 -9.145289
-4.684152 -8.645253
6.230077 9.808259
-4.404980 -7.607360
-5.142249 -10.786330
7.766962 0.502736
-5.036286 -10.679146
6.903056 -0.118208
-7.048535 -8.638010
8.995584 9.042044
-4.004301 -10.157405
7.299315 0.010726
6.798585 10.141118
-4.665015 -9.677874
8.735764 9.270305
-5.653043 -10.161878
-4.967815 -9.159009
6.641133 1.570771
-5.043644 -10.406550
-3.665371 -11.443432
7.472546 -0.134695
5.974640 10.873506
7.499852 9.552743
-4.611717 -9.847430
8.825534 1.014738
7.645628 8.236673
6.324775 9.312177
6.944341 -1.311319
5.307010 8.674386
5.660203 9.181151
-5.676670 -11.764583
6.505189 9.020537
-4.143052 -10.230654
6.811700 10.884041
9.100889 9.148074
6.612812 -0.285711
7.067537 0.123808
-3.966609 -11.939671
-3.157731 -9.153560
-3.614354 -10.835974
-6.302699 -9.516398
7.340118 9.953611
9.587855 1.171044
6.975042 8.745499
-5.182187 -8.457589
8.090742 9.563037
-4.316823 -8.342906
-4.167697 -10.652142
-6.081972 -9.584495
5.757792 9.567245
-4.799714 -9.077970
-5.955969 -11.052118
6.673039 1.733255
7.102378 1.160505
5.862039 1.605294
7.022150 0.600276
-3.872551 -10.434381
-4.433028 -9.629919
8.127114 1.087734
-7.274756 -9.861294
-6.331967 -9.055986
6.502814 1.325507
7.679972 10.081095
6.937048 -1.035642
6.191581 0.627353
8.039351 7.927554
8.830532 8.755641
-5.541034 -10.128341
7.033413 -1.118674
7.778343 2.547711
7.364529 0.712378
6.480930 -0.341184
6.557696 0.023530
8.577929 -0.581604
-4.260805 -9.895372
-3.770837 -8.532280
6.721628 1.397914
-3.702479 -9.917210
7.688323 -0.372463
7.553034 11.857061
-5.388914 -10.461564
5.970156 1.160138
8.577081 0.013287
-6.333781 -8.890326
5.926607 -0.101157
8.206521 -0.187906
5.814825 10.582520
-6.213021 -11.394147
8.008998 8.858211
7.781380 2.386400
-5.477952 -11.026792
7.316133 0.638449
7.861941 8.796509
7.333917 1.034616
-4.359201 -9.078519
6.976466 9.593372
8.231848 10.847693
5.633587 1.305036
8.317930 8.129727
7.270558 8.633104
-5.275571 -9.269519
6.345261 8.706778
7.370441 10.127437
6.470338 9.602760
7.907787 -0.550946
7.020379 9.256441
7.082828 9.719213
7.546713 -1.104591
5.628040 9.775854
-5.350482 -10.375439
7.373286 -0.234926
7.637848 0.731440
5.554518 9.870900
9.124956 9.389741
-4.788284 -12.658248
6.093823 9.380444
7.463039 0.488427
7.295987 1.556672
10.013675 10.520895
-5.417838 -10.029862
7.490184 0.321065
-4.339490 -10.945506
-5.680372 -10.551318
7.639447 9.992766
7.663201 -0.238281
-6.052137 -9.460482
6.458167 0.248360
-5.700586 -8.463059
-6.149291 -9.976101
5.172096 11.780648
-7.502235 -9.688078
7.327400 11.343591
6.437531 11.278522
-5.519786 -10.388717
-7.342355 -8.369636
8.471430 1.759733
-4.081705 -8.952409
7.605836 -1.114464
5.609577 0.142771
-5.485929 -8.116851
7.826673 0.319106
8.053331 10.854081
7.332553 10.080958
-6.228268 -10.894469
7.535526 0.971957
-6.862043 -9.990607
-4.595724 -9.512612
-5.333285 -10.104599
6.165275 9.523134
-5.448890 -12.129009
9.393491 0.174604
6.843715 1.037441
-4.306666 -8.864914
7.327422 9.836795
5.906904 2.514460
8.828380 1.621920
-5.810102 -7.706155
8.759721 9.129311
-5.125585 -8.374726
8.335949 8.224383
6.476460 0.902551
-4.806857 -10.655746
-5.205838 -8.416771
7.079786 7.814277
6.461068 8.420255
-4.166775 -8.422034
7.754890 -1.025972
8.809962 11.902170
7.312943 9.921663
6.956842 -0.649220
-6.288192 -9.226247
-7.295473 -9.777865
-5.960754 -8.704856
7.154961 -0.791935
7.120107 0.412941
7.596351 8.019795
7.402927 9.162177
7.513926 10.213490
7.539258 0.643672
7.302680 10.595789
7.224253 0.185508
7.860198 9.217442
-5.490867 -10.713844
8.004056 10.536954
-6.368787 -10.714968
-3.983413 -8.385631
6.100714 9.290077
-4.597495 -10.800534
5.850660 0.539032
8.553082 0.467367
8.348625 0.786580
-6.117929 -9.397125
6.453713 -0.637892
-3.910444 -10.839085
8.637169 9.694663
-5.755932 -9.073881
8.404650 9.344696
7.715851 -0.034943
6.372830 0.683005
-4.986324 -8.476809
-5.247825 -10.632128
6.931317 7.894247
-5.072003 -9.358351
-7.254513 -10.575844
-5.797879 -11.394674
7.084129 8.926111
6.482589 8.882641
-6.125258 -7.784591
10.145228 0.784536
-4.862663 -8.733772
6.426264 2.469657
-4.611686 -10.455470
-7.034356 -11.024068
7.069298 9.526023
-4.961985 -10.011090
7.331434 10.243416
7.090229 8.579198
-6.238979 -11.133770
7.493413 11.008924
7.334905 9.639424
-5.531048 -10.962886
6.624326 1.360936
-5.611552 -10.734895
8.383720 11.168508
6.339748 0.704289
6.949925 0.825730
6.493336 8.848036
6.112719 1.846419
-6.161604 -10.939588
7.021174 0.354963
-6.150843 -9.421858
-4.541039 -8.360323
8.805753 8.409937
8.904330 9.135768
-5.277755 -8.727365
-6.617341 -9.145691
-4.798225 -9.046543
8.399765 9.256825
7.754310 8.998614
9.420773 9.170290
6.959417 8.593000
-6.007094 -11.930335
7.774228 1.769126
7.723603 8.686384
7.844021 10.290604
7.657501 10.543871
6.961078 8.601280
6.346397 9.112323
-5.506718 -11.036562
9.299728 10.574972
-2.656811 -12.042411
-4.530663 -11.069980
6.765259 0.055605
6.500794 0.667344
-6.458527 -10.284117
-5.412023 -9.237469
7.352660 2.228810
-5.033851 -10.126491
-4.650842 -9.536425
-4.406209 -9.095040
7.309061 9.183308
7.732448 8.864140
7.128514 -0.005099
-5.577961 -10.141478
8.062161 8.713844
8.495852 0.827254
6.376570 2.173988
-5.319390 -10.364531
7.234011 0.106175
-6.378030 -7.924283
6.120523 9.640648
-5.015677 -8.256810
6.095929 6.519289
8.263416 10.347234
-6.278334 -11.175009
6.701210 9.901731
-5.785706 -9.187364
6.981912 -0.863220
-4.753176 -11.572926
8.147294 1.293714
8.557122 9.644839
7.345902 7.697376
-5.269840 -9.665816
7.972964 9.303108
9.563336 9.515923
9.174138 -1.055358
-4.028064 -10.299182
-4.944625 -8.555301
-6.002012 -10.964476
-4.930814 -10.734010
7.050451 8.738814
8.962495 0.815505
7.965133 -0.416573
6.049707 1.103893
-5.709134 -10.061446
6.673455 1.184050
-3.733605 -9.310663
-5.384299 -10.241076
8.911112 9.149333
-5.458497 -8.812315
7.514634 10.141076
8.657226 10.567352
7.297255 9.993720
9.724775 1.345077
7.495020 1.335976
-3.113031 -10.173465
9.616043 0.343561
7.321916 9.610742
8.529918 11.017383
-6.514697 -8.764653
7.307783 1.012489
7.743713 -2.045013
-6.489223 -8.039383
8.818549 8.458093
5.822598 8.887272
5.978600 1.018881
-5.701328 -11.776469
6.603466 7.384882
6.613468 0.988297
7.102170 7.533531
-5.339592 -9.580718
6.846036 0.272068
6.023673 9.945849
6.119492 1.955097
-6.918896 -9.601509
-5.677990 -9.871078
-4.376411 -11.792379
8.456234 9.741804
8.725787 10.346917
7.601493 -0.042786
-6.274884 -9.970512
-4.676062 -10.175342
8.570375 10.843676
6.534240 9.455323
7.532285 9.877503
-5.432777 -10.530243
-4.935163 -8.892353
7.680645 -1.202253
7.220098 8.114187
7.334371 0.057566
-7.508464 -9.951801
-5.458506 -10.814413
9.127753 0.500145
7.150133 9.528939
6.807833 0.088824
-6.048645 -8.586050
8.324331 9.133082
8.894646 10.298064
8.371574 1.461121
-6.317415 -9.059940
7.443800 1.490856
6.584021 9.003257
-5.412468 -7.535162
8.166823 0.712865
-6.390352 -10.125307
6.643763 0.892832
-5.964689 -11.245345
7.946235 8.023723
5.055548 10.447916
7.988133 9.780336
7.891672 9.359526
7.497121 0.047561
-3.561036 -9.540943
-6.782031 -8.496161
6.890789 10.612989
7.097004 10.144918
-3.762661 -9.232600
8.943024 8.407217
8.204091 8.701914
8.484343 1.278499
5.284358 10.169724
8.948627 0.924457
9.199313 -0.080049
7.584237 10.701244
6.596821 8.020069
8.393407 0.718679
7.348930 10.217973
-5.362957 -9.738190
-4.657307 -9.702588
7.743376 8.583588
5.499532 9.043845
-4.953868 -9.505237
7.890646 11.464337
7.799257 0.247127
-5.183075 -9.184139
-5.391864 -10.060892
6.897038 7.980810
7.675374 9.588136
6.799475 9.166518
6.308949 1.348016
-5.756375 -9.430653
-5.742494 -9.126973
6.556865 1.121641
7.205078 9.187012
6.967768 10.134155
-5.679656 -9.973638
-5.582082 -9.973993
6.346815 10.330756
-4.757642 -9.917949
-5.085755 -9.654618
7.970490 9.541129
-4.314444 -8.328957
6.649261 -0.621090
-7.754657 -10.312118
7.965684 9.637103
7.846279 9.886907
8.643724 0.954736
8.560338 8.147358
-6.405394 -9.457984
-5.450496 -9.449539
-6.215979 -9.851260
7.404672 1.041871
6.725047 1.033068
-5.196299 -8.981003
7.350810 9.837640
6.877701 9.157862
7.418979 8.589611
-6.595095 -9.108622
-4.011066 -9.444512
8.017460 9.397056
6.707273 10.797930
7.618605 2.266712
-4.095042 -9.091207
8.153572 0.558246
-5.546457 -10.486774
6.967679 8.962252
6.505858 1.977661
6.629342 9.653573
7.022892 8.213705
-6.161753 -9.318810
5.918845 0.222272
-5.633447 -8.015167
-6.981159 -8.907409
-4.076768 -9.777898
5.936332 -0.304953
6.558192 8.847932
5.848518 0.037369
-4.961700 -8.181517
8.005995 9.533884
8.130276 9.894844
-5.959323 -8.242238
8.936725 10.096006
-5.084576 -9.882639
-4.754899 -9.439094
7.242110 7.485069
7.544678 2.361624
5.389979 9.048110
7.137601 9.843455
6.380930 9.195355
-4.421516 -8.567878
-6.455013 -10.012847
6.918209 8.709619
7.704763 8.757450
7.717888 0.106104
7.727890 0.444555
6.711353 -1.229679
7.084989 -0.086249
6.194000 8.197870
-5.736992 -9.117261
7.311699 -1.048607
8.093596 -0.964689
7.524113 7.759860
-6.003248 -9.406919
-4.703636 -10.883031
-5.861520 -9.000407
-6.407179 -8.735122
7.940734 0.802258
6.182988 1.692512
7.870920 1.359881
-5.742213 -7.850802
7.668771 -0.465678
7.271551 0.887499
8.104678 -0.261333
7.558501 9.748163
8.148873 -0.184769
7.924096 8.644638
-5.015243 -10.208482
-6.718966 -8.684936
6.045841 -0.875686
-3.850760 -9.773855
7.555731 8.758945
-7.176197 -8.886873
-4.829674 -7.897705
7.020105 10.496383
8.480213 -2.098867
-2.652088 -8.977367
-5.471600 -10.144040
8.489378 -0.429270
9.192427 8.684329
-6.284683 -9.976515
-4.912405 -8.203438
7.692700 0.766183
9.311659 2.322363
7.364905 8.998597
-6.138961 -11.010655
7.436768 2.204487
8.256349 0.000973
-5.939771 -10.095411
7.136342 0.454060
7.193337 10.484497
-5.423996 -8.710141
7.428814 9.647872
7.546141 -0.428224
8.210425 7.852070
7.612279 9.446363
7.141903 3.630419
7.589561 0.553162
5.427955 0.204493
8.719130 10.092258
-4.344676 -9.067524
7.933947 2.608371
9.923912 2.003726
-3.865755 -11.023308
7.325143 9.825416
8.011419 9.201930
9.815086 7.289990
7.846588 1.276310
7.173669 0.864925
7.052308 0.799258
5.934352 9.476117
6.796197 9.017447
-5.092913 -9.486213
7.650103 0.378326
6.487392 8.838653
7.702151 1.844344
-4.693378 -10.502001
8.839115 9.599352
8.255820 6.199873
5.558641 -0.283392
-4.064789 -11.368908
8.500495 9.121479
-6.094040 -10.299250
-4.077160 -10.188174
-5.043105 -9.405181
8.764665 1.928727
6.666180 10.621168
7.415466 9.724758
7.643293 -0.274119
-2.065010 -9.372875
-4.647123 -10.008089
7.050921 -0.105008
8.330849 8.726836
-6.035027 -9.105911
8.331403 -0.328093
9.156683 9.594599
-5.784795 -10.001443
8.259500 9.078816
7.314983 1.435724
8.295172 1.692557
8.453635 1.655083
-4.624146 -10.361118
8.245762 8.386417
6.517452 9.700957
7.603870 1.934557
-5.882341 -8.878467
9.083646 8.577780
7.734932 9.481944
7.964816 8.039147
-5.202712 -10.485413
8.282987 1.096013
8.536916 -0.272207
7.577357 0.097982
9.063055 1.632458
-5.113908 -10.208434
7.406887 1.371880
7.165128 1.038500
-4.377416 -8.235112
6.131166 9.501550
-5.413734 -9.089166
8.110487 0.922051
8.209892 10.425294
8.476340 10.661469
-4.396706 -10.525183
7.100425 0.296997
-5.601703 -12.001776
6.484657 8.829499
-5.391508 -7.530461
-6.255529 -9.603624
8.475971 -0.309912
-4.160146 -9.128857
7.991590 0.206357
7.511014 1.342335
-3.187686 -9.978846
8.161115 9.476726
-3.558718 -12.084978
-6.789973 -11.019425
-4.632709 -11.131712
6.746666 0.364824
-6.633940 -9.719536
7.440505 -0.662691
7.768436 10.316969
8.983444 8.371972
-5.693554 -11.636320
6.204317 8.968977
9.115123 -0.857299
-4.410929 -9.655238
7.542140 9.146222
10.036978 -0.144189
7.405820 9.538804
-5.085453 -9.070374
5.674807 8.366011
6.393715 1.079915
7.541790 0.289182
-4.778839 -8.865808
5.942056 10.507683
8.607395 0.744436
7.468375 -0.370395
5.381665 -0.815023
8.459709 10.819171
6.028263 9.362946
-6.461112 -9.286982
-4.498479 -12.269968
7.585960 9.378869
8.531840 0.519747
7.220952 8.065444
5.878775 -0.253264
8.564814 9.444921
8.281757 9.023811
6.883546 9.133488
8.603579 1.884259
8.887157 9.691330
7.601887 10.069023
6.582629 -0.665670
8.532490 2.013988
7.815726 10.580497
8.262900 2.415746
10.279543 9.825506
-5.708849 -9.822599
-6.492894 -8.736857
8.504387 0.630745
7.375234 2.664683
7.732812 10.490958
9.393896 11.217157
6.703207 -0.183138
-6.016727 -10.562042
7.105386 9.289558
-4.405522 -10.814943
7.032756 1.084003
-4.550743 -10.182655
7.184325 9.319220
7.614899 -0.836960
7.437052 11.392323
6.161096 -0.136196
-5.954764 -10.525930
7.138144 -0.698647
7.564760 11.247629
6.855832 1.385288
5.689992 7.716470
7.613424 8.785468
-5.475500 -9.695415
-4.771670 -11.701823
-3.975123 -9.699459
7.116220 0.704090
-3.948344 -9.644605
-6.429249 -10.597146
7.583475 9.168472
5.923320 -0.811255
6.617699 0.199262
5.829173 0.413565
6.285161 11.287177
8.508479 7.799740
-5.886181 -9.552276
-3.889429 -8.544980
8.018217 1.075140
-5.133999 -10.235775
-5.592569 -10.046524
4.333668 10.510347
7.695707 -0.070476
-6.836598 -11.816107
8.034405 8.380293
7.407020 0.231195
9.196424 11.575370
-6.219078 -8.501907
6.015169 0.529969
-5.330910 -10.310897
6.418959 11.451350
5.807128 9.959686
-6.274865 -10.270777
7.389897 0.281692
-5.075951 -10.386047
7.135791 7.589231
7.730046 6.862642
7.837262 1.326480
6.958025 9.199246
6.544669 8.690372
-7.073454 -10.455070
-5.219211 -11.143541
9.560997 10.662908
-4.496194 -8.973778
9.444366 1.517759
6.446287 8.737287
9.152219 9.444450
-5.756934 -10.774539
6.156585 0.744268
7.842252 -0.887217
-5.203176 -8.905341
-4.713291 -8.780731
5.904061 0.865308
6.861970 0.021029
7.146066 0.968295
6.808377 10.322440
6.273290 0.148054
6.187466 8.724642
5.529726 0.273142
-6.577964 -8.939474
7.361308 3.216568
7.401333 9.393628
6.793192 9.036795
8.405192 -0.414323
-5.879395 -11.060499
-5.310223 -9.694128
6.197313 9.435576
-5.656076 -9.218868
9.211254 1.340045
-4.783277 -9.995197
-6.686730 -10.249327
7.123291 3.252803
8.688075 2.007475
-5.511410 -9.997979
7.852796 1.276639
8.024041 2.467372
6.268359 9.347652
7.403149 10.423424
6.892609 -0.721692
6.477056 1.976656
-4.356531 -8.272474
9.674868 9.338119
-5.287125 -10.750342
6.449174 8.991194
8.671800 10.415388
-6.127010 -9.345777
8.706883 10.689495
9.515117 9.440965
7.307495 0.361169
-3.782318 -9.605509
-6.319317 -8.916202
8.080346 10.028474
7.073471 1.102597
-5.420392 -10.612623
-5.872515 -10.056160
5.928316 0.805108
6.119032 1.214129
8.815718 1.118868
6.860479 0.285727
-6.900842 -10.654056
-5.890527 -9.921733
7.098830 1.076080
7.803584 2.381288
7.608823 -0.046017
7.366257 0.262267
6.664437 2.591332
7.613988 -0.646070
7.759294 1.912479
7.646557 0.744599
8.761444 8.827184
-7.923457 -9.497386
7.069228 -0.553195
6.414290 -0.995072
8.764908 0.144357
8.181339 1.224396
-5.591014 -8.569073
-3.883301 -10.998591
7.542578 7.024030
8.437819 8.956957
6.246792 8.480445
6.922931 1.894971
7.985720 -0.538933
6.975590 0.369071
7.602527 8.989624
9.022555 10.067779
7.188368 1.335947
-7.394409 -10.363821
7.345594 0.242430
5.701683 0.254498
-5.382500 -9.710263
7.959323 10.265798
-6.520560 -9.045690
-5.407528 -9.586307
-5.057505 -10.087279
-5.295802 -9.065394
7.390037 0.906630
8.552772 0.252208
-6.732606 -10.324776
7.469969 8.449353
7.592403 3.221746
7.559372 0.409156
-6.050945 -10.547611
-5.767604 -10.217402
7.074772 1.303252
-4.560251 -9.679784
-4.166933 -9.649533
-5.273061 -11.650174
7.502476 0.563364
6.674182 -0.768865
-6.134454 -9.138796
-5.436786 -9.027444
9.631152 0.737176
-5.982610 -9.196181
7.791566 -0.642178
-5.255008 -11.371720
-4.760527 -9.228161
6.787808 -0.558298
8.611882 3.513049
6.190061 10.036966
-4.935047 -9.296191
3.909128 8.100094
-6.738979 -11.139422
-4.500386 -10.959975
-4.716532 -9.428536
-5.218803 -9.801141
7.405659 8.829245
-3.722598 -9.894775
-3.730702 -11.205412
6.695671 -0.876037
8.005581 1.881168
6.853442 -0.148904
6.120559 0.968963
7.891916 1.437284
6.936188 10.321692
6.540017 0.846936
8.292820 1.902957
7.771021 -0.381201
-5.569166 -11.258286
7.409347 1.552513
7.515899 7.756088
-4.799337 -13.590280
6.815868 9.962568
8.328136 9.140024
-5.889004 -8.684008
-3.960097 -9.815513
-7.638897 -8.726739
6.135799 1.144028
8.355843 1.773362
6.983760 0.671154
5.316819 0.751966
7.612029 9.028169
-5.238753 -8.797377
8.349376 2.133306
-6.867911 -8.668104
-4.667367 -8.887506
6.704581 0.900553
8.203162 12.013756
8.823202 2.554998
5.879157 9.743647
6.174011 8.417496
7.571394 0.397259
7.298034 10.264245
7.096758 1.410952
7.534244 1.120529
9.954060 9.517723
7.803611 9.745613
6.583420 8.426787
7.883571 10.939695
7.269245 0.453592
8.663614 10.042176
5.648876 -0.109565
-4.562972 -10.767071
6.417630 -0.301342
-6.436186 -9.828883
5.715572 9.750438
7.811244 10.792515
-5.954221 -10.083010
-4.491808 -9.251026
8.446536 8.177097
-4.518291 -10.789445
7.254073 0.932516
7.396346 8.901966
-5.401469 -9.526437
8.635642 8.674557
8.190280 9.192136
8.234514 0.897264
7.515767 -1.081519
7.460748 9.765379
7.630271 8.697979
8.210991 -1.072669
5.881800 0.166406
-5.108547 -10.455639
6.690749 11.951698
5.915683 1.076369
6.841634 1.769410
6.000562 -0.088990
8.226003 9.640270
8.782185 7.696247
5.914147 8.244434
-6.662126 -9.608686
8.328377 10.252654
6.934386 8.125404
-6.151199 -10.806420
-5.040768 -10.763456
-6.309402 -9.933445
6.604967 1.230702
7.980476 1.552362
8.482699 11.593415
6.771516 2.827681
6.698195 10.501003
8.403215 0.412586
5.598789 7.591700
8.861611 9.888677
-6.099271 -10.136881
8.677279 8.463473
8.306250 2.083231
-4.749306 -9.713704
8.868524 -0.946841
-5.621852 -8.862731
-7.161340 -10.781942
7.420049 11.697028
7.322709 2.139288
7.932173 0.584384
5.845618 8.408799
-4.546978 -9.559988
7.736741 10.828554
-4.617011 -9.648560
-3.486402 -9.257669
