25.051400 5.747500
26.661400 7.341400
25.265300 6.246600
25.228500 4.744700
25.752900 5.156400
24.078500 5.669300
25.272200 6.867600
24.653500 6.244300
26.983400 6.633000
25.743700 6.317900
26.477400 7.741600
26.737300 4.475600
27.181200 6.297200
25.499900 5.673900
25.302100 6.143100
23.360900 5.660100
25.548200 5.710700
26.219800 5.733700
25.884000 6.329400
24.464900 5.752100
24.770800 6.757200
25.327400 5.646300
25.999000 4.855100
25.023800 6.274200
25.824200 6.784800
25.428600 6.283400
27.344500 6.469700
24.623600 6.117800
27.126000 6.110900
25.677000 5.908500
25.539000 6.377700
25.049100 6.060300
26.592400 6.092500
25.217000 7.753100
25.249200 5.648600
24.941000 5.018400
25.281400 7.546100
24.819100 6.131600
26.010500 6.837700
25.021500 6.564000
25.161800 6.306400
25.895500 5.439300
24.837500 5.441600
25.456200 6.702000
25.716100 5.515200
26.721200 4.742400
24.464900 7.247100
24.632800 5.347300
25.725300 6.729600
27.116800 5.694600
26.495800 5.903900
25.115800 6.191400
25.610300 7.619700
26.302600 6.780200
24.791500 6.262700
25.099700 5.800400
25.483800 7.014800
25.421700 7.313800
27.130600 6.957300
24.333800 5.167900
24.623600 5.687700
25.518300 4.822900
26.390000 7.040100
24.303900 4.882700
25.527500 4.933300
24.897300 7.191900
24.773100 6.092500
26.585500 6.842300
25.635600 5.637100
26.771800 5.533600
24.853600 5.515200
25.858700 5.220800
25.253800 5.572700
25.483800 4.933300
25.543600 5.984400
23.183800 5.731400
27.710200 6.253500
25.120400 4.650400
25.253800 5.568100
25.513700 6.357000
27.224900 5.572700
24.658100 5.993600
25.189400 5.499100
25.244600 5.959100
24.800700 4.415800
26.275000 5.588800
25.874800 6.545600
24.632800 6.750300
24.876600 4.466400
26.449800 6.699700
25.148000 5.929200
24.591400 5.800400
25.695400 5.986700
26.344000 5.952200
26.822400 5.667000
26.134700 5.016100
25.263000 5.308200
24.630500 6.835400
25.803500 6.193700
26.024300 7.557600
18.494100 12.587700
18.160600 12.548600
17.962800 10.462500
17.755800 12.123100
17.486700 10.662600
16.713900 11.584900
17.259000 11.748200
17.495900 11.559600
18.790800 10.497000
18.360700 11.828700
17.203800 11.768900
16.960000 10.637300
17.286600 12.293300
17.369400 11.559600
17.985800 11.506700
18.027200 12.617600
17.102600 13.171900
17.521200 11.874700
17.512000 10.991500
16.789800 12.212800
17.123300 11.610200
18.613700 11.380200
16.771400 11.387100
16.067600 10.812100
17.804100 11.702200
17.898400 9.945000
16.638000 12.964900
16.463200 10.658000
18.512500 11.842500
17.930600 12.189800
17.613200 13.468600
16.739200 11.030600
18.464200 11.713700
17.362500 12.003500
17.555700 11.212300
17.686800 11.435400
18.517100 9.876000
16.125100 10.664900
17.541900 11.888500
17.896100 11.805700
18.236500 11.766600
18.100800 11.364100
18.365300 12.063300
19.363500 11.628600
17.923700 11.557300
16.985300 12.318600
16.874900 11.518200
18.027200 11.962100
17.629300 11.350300
16.557500 11.338800
18.238800 11.467600
17.811000 11.476800
16.189500 9.968000
16.845000 12.923500
17.463700 10.821300
17.633900 10.814400
17.438400 12.212800
17.942100 11.805700
16.615000 12.070200
15.639800 11.228400
16.741500 11.879300
16.819700 12.116200
15.918100 11.412400
17.836300 11.856300
17.696000 11.941400
16.845000 10.667200
18.537800 11.651600
17.187700 11.982800
18.452700 11.246800
16.895600 11.106500
18.142200 11.996600
16.805900 11.131800
17.491300 10.428000
16.304500 10.876500
17.445300 9.866800
17.539600 11.479100
17.732800 11.210000
17.466000 10.423400
18.480300 12.095500
17.288900 11.787300
18.388300 10.002500
17.652300 11.509000
17.498200 11.955200
17.594800 11.384800
17.732800 11.656200
19.393400 12.560100
17.965100 12.525600
17.042800 11.359500
17.608600 11.720600
18.981700 11.699900
17.199200 12.596900
16.916300 11.492900
17.309600 11.189300
18.940300 11.699900
17.098000 13.574400
16.320600 12.067900
18.434300 12.447400
18.312400 11.663100
16.727700 11.665400
18.245700 13.020100
8.415500 9.763300
7.141300 10.398100
7.691000 11.969000
8.636300 9.813900
7.870400 10.957000
7.210300 11.124900
7.628900 9.899000
7.564500 8.882400
7.596700 9.524100
8.137200 10.301500
7.810600 11.322700
8.951400 11.062800
8.845600 10.386600
8.686900 11.000700
7.661100 10.759200
8.164800 10.306100
9.151500 10.796000
8.502900 9.179100
8.144100 10.844300
9.075600 9.372300
7.842800 9.970300
8.829500 10.464800
8.199300 9.786300
9.202100 11.007600
8.162500 10.474000
8.208500 9.963400
8.845600 11.561900
9.209000 11.046700
8.588000 11.032900
7.893400 11.375600
7.898000 10.204900
9.158400 10.853500
8.981300 9.712700
8.627100 11.837900
7.806000 11.497500
7.923300 10.400400
8.804200 10.301500
8.827200 11.028300
9.715000 9.915100
8.318900 9.036500
9.595400 9.146900
7.408100 9.800100
9.073300 8.930700
7.911800 9.084800
8.171700 9.068700
9.393000 9.473500
7.527700 10.699400
7.357500 10.326800
10.163500 9.123900
9.434400 12.348500
8.824900 9.933500
7.697900 10.140500
9.002000 11.143300
7.325300 9.664400
8.063600 11.108800
6.876800 10.430300
7.737000 10.361300
7.095300 11.143300
9.602300 9.052600
6.069500 9.669000
7.081500 10.499300
8.272900 11.115700
7.546100 10.717800
9.183700 9.848400
8.169400 10.786800
8.995100 9.567800
7.732400 9.595400
7.835900 9.496500
7.909500 9.006600
7.996900 10.706300
8.990500 10.800600
10.400400 9.974900
8.921500 10.057700
8.491400 10.223300
9.567800 10.568300
8.949100 9.786300
9.252700 10.855800
7.757700 9.974900
9.310200 11.653900
8.983600 9.710400
8.689200 9.721900
7.281600 10.283100
9.243500 10.621200
10.168100 9.080200
8.031400 9.567800
9.071000 10.218700
8.355700 10.152000
7.817500 8.693800
9.008900 10.395800
8.077400 10.669500
7.313800 11.660800
8.792700 10.087600
8.459200 10.333700
8.682300 9.098600
9.172200 10.572900
7.456400 11.325000
8.801900 11.334200
8.291300 9.422900
7.750800 10.947800
7.794500 10.899500
24.039400 24.676500
24.697200 24.444200
23.894500 24.991600
23.837000 24.853600
26.419900 24.722500
26.185300 23.779500
24.911100 24.816800
23.719700 23.448300
23.321800 22.958400
26.401500 24.600600
25.433200 25.495300
25.953000 26.169200
24.048600 25.428600
23.869200 23.853100
24.349900 25.138800
24.149800 24.678800
24.596000 24.458000
24.607500 24.602900
24.913400 24.605200
24.851300 24.485600
24.653500 23.064200
24.055500 24.372900
23.443700 24.055500
25.102000 25.320500
24.853600 24.952500
23.726600 26.109400
24.851300 23.432200
25.200900 24.711000
24.122200 24.692600
24.690300 24.032500
23.984200 23.383900
25.582700 23.786400
24.639700 24.251000
23.839300 24.315400
25.667800 23.659900
24.943300 24.000300
24.706400 24.347600
24.244100 23.623100
24.628200 23.423000
23.321800 24.876600
24.697200 24.552300
26.003600 25.778200
26.040400 23.876100
25.941500 23.883000
23.935900 23.834700
25.805800 24.632800
24.931800 23.862300
25.302100 24.520100
24.589100 24.297000
23.287300 23.114800
24.004900 23.912900
24.908800 24.929500
24.147500 26.689000
26.484300 23.710500
25.444700 24.004900
24.800700 24.501700
25.966800 25.079000
24.340700 23.588600
24.315400 24.218800
25.994400 23.979600
24.435000 24.297000
24.651200 24.943300
24.485600 23.655300
25.230800 25.320500
25.718400 23.935900
24.531600 23.807100
24.899600 24.586800
25.479200 24.191200
24.665000 23.239000
26.150800 24.575300
25.113500 22.238500
24.609800 24.708700
24.375200 24.478700
26.077200 24.908800
24.094600 24.467200
23.429900 25.065200
24.658100 25.861000
26.712000 24.522400
25.651700 23.945100
24.819100 24.977800
24.285500 24.269400
25.504500 24.524700
24.860500 23.443700
25.440100 24.418900
25.272200 24.770800
24.724800 24.110700
24.591400 25.578100
25.143400 23.703600
25.067500 24.492500
24.297000 23.975000
23.262000 24.752400
25.686200 23.199900
25.495300 24.989300
24.759300 24.366000
24.970900 23.979600
24.492500 23.779500
24.354500 24.402800
24.665000 23.620800
24.798400 24.478700
25.663200 23.977300
4.057000 21.451900
5.791200 19.749900
3.971900 19.878700
5.317400 18.809200
5.740600 22.066000
4.917200 20.768800
4.395100 20.136300
6.186800 19.232400
4.804500 21.198900
6.173000 19.335900
6.784800 21.044800
4.921800 20.019000
6.067200 19.869500
6.324800 19.968400
4.742400 20.410000
4.666500 20.451400
4.349100 20.269700
5.089700 19.890200
5.749800 20.688300
6.030400 20.150100
4.296200 20.927500
4.197300 20.499700
4.319200 20.170800
6.166100 21.670400
5.115000 19.749900
5.006900 20.826300
5.062100 20.147800
4.728600 19.276100
5.301300 19.423300
5.570400 19.471600
5.733700 20.502000
7.132100 19.738400
5.524400 20.435300
5.347300 20.389300
5.358800 19.706200
5.706100 19.214000
6.163800 19.766000
4.931000 20.030500
5.184000 20.596300
5.625600 21.270200
5.977500 21.472600
5.439300 19.660200
6.267300 18.749400
4.983900 19.570500
4.772300 19.837300
5.133400 20.773400
4.259400 21.081600
6.012000 19.770600
4.567600 19.977600
4.204200 20.994200
5.901600 20.122500
6.159200 21.090800
5.411700 19.340500
4.972400 20.016700
4.590600 19.301400
5.453100 20.706700
7.035500 19.607300
6.513400 21.415100
5.386400 20.835500
4.475600 20.276600
4.963200 20.124800
5.289800 19.754500
3.960400 21.566900
3.962700 20.888400
6.152300 18.905800
5.310500 18.503300
3.829300 20.842400
7.270100 20.055800
3.896000 20.065000
4.337600 19.782100
5.690000 18.395200
5.462300 19.306000
7.231000 19.885600
4.698700 19.575100
6.697400 20.012100
6.124700 20.088000
6.421400 20.571000
5.322000 19.570500
4.875800 20.446800
5.869400 20.370900
5.740600 21.389800
6.175300 20.428400
3.649900 20.364000
5.623300 19.830400
5.301300 20.244400
6.200600 20.189200
5.646300 18.933400
5.535900 20.801000
5.420900 21.251800
6.998700 21.769300
6.345500 20.083400
4.190400 21.226500
5.568100 21.033300
4.793000 20.364000
5.556600 20.377800
5.055200 18.236500
4.767700 20.550300
5.761300 19.588900
2.907000 20.564100
6.570900 20.403100
28.080500 10.531500
27.344500 11.212300
26.866100 10.667200
26.647600 9.241200
25.711500 10.050800
26.367000 10.326800
28.234600 10.416500
26.636100 9.784000
27.307700 9.296400
26.714300 9.471200
25.953000 8.213100
27.344500 9.376900
26.861500 10.324500
27.714800 11.175500
26.429100 10.391200
25.759800 9.390700
27.247900 10.184200
26.985700 10.545300
26.633800 10.161200
26.875300 11.288200
26.622300 10.276200
26.482000 9.664400
29.593900 9.738000
26.254300 10.331400
25.237700 9.708100
26.031200 10.060000
27.947100 11.168600
26.615400 11.635500
26.693600 8.967500
25.808100 9.457400
27.316900 9.117000
25.532100 10.566000
27.291600 11.971300
26.705100 11.978200
26.762600 9.625300
27.926400 10.710900
27.038600 10.037000
27.498600 10.423400
26.157700 9.563200
26.921300 11.996600
27.243300 9.156100
26.695900 10.239400
27.070800 10.814400
26.019700 10.931700
27.266300 11.495200
27.613600 9.742600
27.047800 10.285400
26.873000 10.361300
26.928200 11.391700
27.629700 10.020900
27.086900 9.303300
25.746000 11.433100
25.759800 10.561400
27.744700 10.970800
26.988000 9.991000
26.718900 10.262400
26.771800 10.267000
27.402000 10.908700
26.148500 10.616600
26.981100 10.296900
26.569400 9.227400
27.675700 9.581600
28.181700 10.867300
26.072600 10.911000
26.585500 10.145100
27.137500 10.943200
27.310000 9.340100
27.312300 10.253200
26.909800 8.279800
27.017900 9.602300
28.151800 10.545300
27.017900 10.616600
27.894200 10.478600
27.563000 10.273900
27.043200 9.600000
26.944300 10.865000
26.321000 10.540700
26.408400 12.686600
27.928700 10.993800
25.670100 10.922500
26.705100 10.340600
27.429600 9.742600
28.000000 10.890300
27.369800 10.227900
26.905200 9.031900
27.243300 12.562400
26.157700 10.529200
27.082300 10.087600
26.870700 10.347500
26.387700 9.698900
26.383100 10.303800
27.047800 10.480900
26.774100 8.827200
26.613100 11.573400
26.755700 8.838700
25.736800 9.740300
26.095600 10.375100
25.805800 10.635000
26.424500 10.292300
25.835700 10.451000
19.933900 27.914900
21.111500 27.206500
21.304700 25.702300
20.451400 27.213400
21.617500 27.376700
23.220600 26.824700
21.065500 27.719400
21.484100 28.124200
21.511700 27.951700
23.018200 27.542300
21.592200 26.873000
22.802000 27.383600
20.847000 28.285200
20.205300 27.659600
19.699300 27.882700
22.160300 28.483000
21.732500 27.880400
22.652500 28.156400
21.090800 26.436000
20.207600 28.023000
20.686000 27.788400
21.780800 27.873500
21.603700 28.246100
21.548500 26.921300
21.783100 26.751100
21.700300 27.257100
22.273000 27.772300
22.583500 26.422200
21.778500 26.712000
20.078800 26.617700
22.420200 29.104000
20.568700 27.461800
20.527300 28.253000
20.883800 27.448000
20.927500 26.040400
20.784900 26.459000
19.901700 26.258900
21.732500 26.590100
20.899900 27.887300
21.019500 26.505000
21.548500 27.747000
22.167200 26.992600
21.826800 26.764900
23.057300 28.533600
20.660700 26.790200
21.279400 27.638900
21.180500 26.863800
20.798700 27.142100
21.762400 26.583200
20.962000 27.204200
21.290900 27.887300
21.730200 26.058800
21.617500 27.553800
20.361700 27.866600
21.971700 27.434200
20.773400 29.375400
20.679100 26.951200
21.640500 28.535900
20.732000 26.755700
22.601900 29.451300
22.307500 26.249700
20.635400 29.787100
20.502000 27.047800
20.407700 27.678000
21.208100 27.091500
21.863600 27.774600
21.136800 28.257600
21.877400 27.241000
21.530100 27.517000
19.522200 27.514700
20.681400 26.847700
20.336400 27.001800
20.824000 27.954000
20.872300 28.308200
21.150600 28.163300
21.468000 27.365200
21.231100 27.098400
20.998800 27.132900
22.302900 27.540000
23.105600 27.724000
21.054000 28.581900
21.024100 27.029400
21.974000 27.204200
21.215000 27.241000
22.118900 27.461800
21.458800 27.422700
22.063700 27.896500
21.822200 27.183500
21.215000 27.418100
21.166700 26.516500
21.157500 26.700500
21.477200 27.484800
21.810700 27.333000
20.704400 27.441100
21.150600 27.572200
20.200700 27.036300
22.806600 27.832100
20.784900 27.544600
21.451900 26.850000
20.529600 27.622800
13.523800 18.107700
13.726200 18.369900
13.979200 18.857500
13.546800 18.880500
14.016000 18.866700
14.137900 18.990900
13.859600 18.052500
12.629100 20.134000
13.859600 18.273300
14.239100 19.552100
15.600700 18.951800
14.048200 17.926000
13.050000 18.234200
13.199500 16.918600
13.717000 18.710300
14.722100 19.186400
14.915300 18.100800
12.994800 20.713600
13.027000 18.356100
13.944700 17.880000
13.362800 19.285300
14.462200 19.591200
15.051000 19.007000
14.952100 20.410000
13.337500 19.416400
13.884900 18.862100
13.956200 19.593500
12.992500 20.292700
15.163700 19.370400
14.784200 18.231900
14.358700 18.225000
14.342600 19.706200
13.349000 18.234200
14.078100 17.921400
14.163200 18.781600
15.603000 16.930100
14.308100 17.988100
13.105200 19.462400
15.064800 18.668900
12.849900 19.064500
14.034400 19.050700
16.074500 18.105400
13.726200 19.846500
12.649800 18.579200
13.468600 18.892000
14.448400 17.781100
12.415200 19.220900
14.271300 18.089300
13.786000 18.521700
12.626800 19.710800
14.062000 18.770100
13.238600 19.595800
13.464000 19.354300
14.142500 19.400300
14.068900 19.423300
12.320900 18.011100
12.833800 18.220400
14.871600 17.907600
14.144800 17.921400
15.517900 18.528600
15.862900 18.027200
13.045400 19.034600
14.588700 17.946700
14.223000 18.001900
15.354600 19.177200
14.600200 18.570000
14.637000 19.646400
12.838400 18.984000
13.901000 18.199700
15.221200 19.046100
13.979200 17.472900
15.340800 19.388800
13.351300 18.558500
12.909700 19.207100
13.197200 19.450900
13.392700 17.252100
12.624500 19.340500
13.829700 18.905800
13.427200 17.974300
13.751500 19.087500
13.937800 18.627500
12.516400 17.824800
12.854500 19.147300
13.924000 19.388800
14.648500 18.772400
13.464000 18.496400
13.519200 17.532700
13.146600 19.131200
13.339800 19.441700
13.696300 18.797700
15.373000 19.437100
14.510500 16.851900
13.889500 20.426100
15.269500 18.806900
13.627300 18.498700
13.845800 19.354300
13.188000 18.618300
13.493900 18.319300
12.872900 18.710300
14.289700 16.842700
18.215800 26.475100
17.919100 25.440100
19.013900 26.422200
17.627000 26.698200
18.335400 26.155400
17.907600 24.964000
17.479800 26.396900
17.730500 25.380300
18.779300 25.099700
18.047900 26.166900
17.654600 25.628700
18.093900 26.054200
19.027700 25.969100
16.019300 25.736800
16.681700 26.111700
18.116900 24.506300
20.200700 25.713800
17.686800 25.520600
16.217100 25.456200
18.070900 24.950200
18.533200 27.006400
18.112300 26.525700
18.227300 26.445200
18.875900 25.398700
18.565400 25.686200
17.594800 27.482500
18.038700 25.545900
17.369400 25.104300
18.105400 25.978300
18.073200 25.447000
17.969700 26.801700
17.077300 26.330200
16.428700 25.288300
18.519400 24.773100
17.801800 26.709700
17.330300 26.173800
17.868500 26.771800
18.004200 25.801200
18.395200 24.671900
18.036400 25.755200
16.711600 26.210600
18.225000 24.589100
17.484400 25.573500
18.080100 26.088700
18.082400 27.666500
18.537800 25.525200
18.360700 26.376200
17.620100 24.584500
18.050200 25.026100
17.817900 25.444700
17.523500 25.591900
18.818400 25.053700
18.289400 26.716600
17.346400 25.260700
18.379100 25.447000
17.751200 26.790200
16.502300 25.242300
19.692400 24.529300
16.985300 25.391800
17.256700 25.240000
18.043300 25.833400
18.084700 25.828800
17.344100 25.989800
18.241100 25.058300
18.657400 26.452100
18.436600 26.955800
18.627500 25.382600
18.383700 24.616700
17.774200 26.442900
18.031800 25.157200
18.167500 25.750600
18.236500 26.413000
17.682200 24.694900
16.589700 26.146200
17.033600 25.366500
17.206100 24.575300
18.609100 25.488400
18.041000 25.757500
17.870800 25.267600
18.351500 26.647600
18.862100 25.205500
16.661000 25.447000
18.818400 26.808600
19.013900 25.453900
17.843200 25.962200
18.406700 26.403800
17.084200 25.424000
18.305500 25.016900
17.406200 25.902400
17.144000 26.139300
18.689600 25.520600
17.512000 26.003600
18.296300 25.382600
18.013400 26.670600
17.755800 26.026600
17.829400 25.746000
17.475200 24.697200
18.144500 26.088700
19.133500 26.298000
18.149100 25.725300
11.975900 20.589400
12.061000 21.497900
12.702700 19.559000
12.661300 21.035600
11.534300 19.563600
12.205900 21.589900
12.415200 21.939500
13.188000 22.316700
10.775300 21.780800
11.980500 21.106900
11.216900 22.245400
11.062800 21.422000
12.518700 21.150600
11.113400 21.433500
11.306600 20.847000
12.426700 21.141400
12.438200 22.095900
13.797500 21.339200
11.113400 22.082100
11.831000 21.707200
12.732600 22.197100
11.548100 21.980900
10.681000 22.339700
13.309900 21.033300
12.647500 21.649700
12.240400 21.247200
11.630900 22.470800
11.253700 20.644600
12.442800 21.863600
11.134100 21.065500
11.108800 21.578400
13.480100 21.077000
13.073000 21.530100
11.598700 20.826300
12.067900 20.828600
13.263900 21.640500
11.502100 21.606000
12.693500 20.732000
11.164000 21.974000
12.008100 21.730200
11.975900 20.876900
13.542200 20.545700
11.159400 21.445000
11.663100 22.468500
11.021400 21.658900
12.132300 20.925200
12.291000 21.136800
11.092700 21.923400
10.821300 20.656100
12.774000 21.704900
12.171400 20.782600
13.098300 20.853900
12.822300 21.021800
11.111100 20.828600
12.422100 20.805600
12.180600 22.206300
11.534300 21.403600
12.222000 21.539300
11.653900 22.197100
12.360000 20.577900
13.337500 21.824500
12.307100 20.925200
13.487000 22.089000
11.996600 21.410500
11.699900 21.035600
12.884400 22.070600
12.686600 22.013100
11.366400 20.927500
11.766600 21.451900
12.992500 21.371400
12.817700 22.199400
12.633700 21.817600
11.683800 20.904500
11.203100 20.672200
12.831500 22.022300
12.042600 21.215000
10.078400 21.985500
11.357200 23.558700
11.306600 21.399000
12.923500 21.675000
12.622200 21.617500
13.457100 21.185100
13.268500 22.192500
12.771700 21.005700
13.411100 21.888900
13.208700 22.240800
12.714200 21.178200
11.603300 19.478500
10.697100 21.550800
11.676900 21.415100
11.465300 20.968900
12.829200 22.986000
12.452000 20.476700
11.490600 21.702600
11.193900 21.265600
11.741300 22.148800
12.047200 20.637700
11.886200 20.874600
12.629100 22.075200
11.994300 21.962500
23.197600 9.567800
22.222400 8.213100
23.984200 8.698400
23.354000 7.757700
24.027900 9.853000
22.976800 8.259100
24.462600 9.008900
23.793300 8.282100
23.034300 8.689200
23.275800 8.703000
22.641000 8.436200
23.204500 7.964700
23.689800 7.265500
22.972200 10.168100
24.126800 7.817500
23.820900 8.146400
22.689300 9.213600
23.570200 8.088900
22.424800 7.654200
22.772100 8.151000
23.924400 9.163000
22.574300 8.537400
22.325900 7.863500
22.463900 6.635300
23.195300 8.601800
23.912900 8.548900
23.029700 8.507500
23.512700 8.107300
23.749600 8.889300
23.018200 8.785800
23.390800 9.225100
22.500700 8.247600
22.620300 8.916900
21.895800 8.990500
22.413300 8.413200
22.146500 8.433900
24.211900 8.615600
24.149800 8.790400
23.781800 8.525900
24.812200 9.294100
22.914700 7.815200
24.435000 8.581100
24.807600 8.222300
21.960200 8.376400
23.745000 9.084800
23.209100 8.893900
24.223400 7.546100
21.886600 8.965200
22.583500 8.502900
21.778500 7.148200
23.843900 7.891100
23.452900 9.199800
23.565600 8.737500
22.013100 8.360300
22.321300 9.011200
23.903700 7.980800
23.542600 8.877800
24.379800 8.164800
24.669600 8.203900
23.305700 8.061300
24.389000 8.804200
23.321800 8.946800
23.363200 10.025500
24.193500 8.601800
23.547200 8.976700
21.576100 7.877300
23.038900 7.194200
22.857200 9.160700
22.539800 8.121100
22.252300 7.599000
23.211400 7.967000
23.248200 9.738000
23.722000 7.904900
21.997000 10.004800
21.918800 9.705800
23.133200 8.139500
24.083100 8.491400
23.211400 8.410900
22.857200 7.930200
22.604200 8.838700
22.542100 9.650600
21.382900 8.857100
24.842100 9.386100
24.140600 8.530500
22.590400 8.420100
24.747800 7.783000
22.328200 7.990000
24.837500 6.787100
24.186600 9.181400
23.777200 9.634500
23.358600 9.924300
22.323600 8.155600
23.220600 6.851500
23.572500 9.280300
22.808900 7.992300
21.608300 7.265500
23.278100 9.022700
24.050900 9.324000
23.259700 8.374100
23.485100 8.307400
27.638900 14.496700
25.911600 14.160900
26.507300 14.926800
24.826000 15.297100
25.562000 15.147600
26.408400 14.616300
24.605200 14.995800
25.290600 14.956700
26.707400 13.857300
25.693100 15.444300
24.832900 16.037700
25.794300 13.947000
25.187100 14.512800
26.201400 13.473200
24.464900 14.549600
26.406100 14.531200
26.629200 16.380400
25.419400 14.462200
25.474600 13.809000
26.965000 15.071700
25.888600 15.269500
25.732200 15.688100
26.088700 15.899700
24.869700 14.639300
26.863800 13.917100
24.982400 14.977400
24.885800 14.319600
25.709200 15.011900
26.369300 14.579500
26.553300 15.041800
26.038100 14.324200
27.719400 13.799800
26.180700 14.802600
26.902900 14.643900
26.394600 16.796700
26.564800 15.603000
26.185300 16.187200
26.424500 14.917600
27.337600 14.630100
26.125500 13.891800
26.074900 14.515100
27.622800 15.274100
27.001800 14.841700
26.180700 15.239600
25.610300 13.937800
26.707400 15.156800
27.031700 14.432300
25.888600 14.195400
27.556100 13.213300
27.100700 14.524300
26.925900 15.563900
25.299800 13.590500
26.047300 13.201800
25.932300 14.848600
24.294700 13.431800
25.798900 14.671500
24.821400 13.277700
26.390000 13.802100
26.146200 15.078600
27.149000 14.305800
26.921300 14.547300
25.120400 14.229900
26.309500 14.540400
26.068000 14.439200
25.391800 13.997600
26.544100 14.485200
25.831100 15.520200
26.960400 14.848600
25.387200 15.662800
26.309500 15.842200
27.181200 16.329800
25.281400 14.229900
25.410200 14.637000
26.063400 14.733600
25.108900 16.902500
26.661400 15.708800
26.638400 13.404200
26.438300 15.041800
26.753400 14.938300
25.780500 15.212000
26.185300 14.466800
26.311800 14.542700
26.107100 13.454800
24.957100 15.030300
25.559700 13.912500
26.792500 14.234500
26.645300 15.354600
24.536200 16.911700
26.652200 14.211500
25.879400 15.021100
25.789700 15.145300
26.753400 15.639800
26.295700 15.508700
26.953500 15.513300
24.924900 13.760700
25.824200 14.648500
26.408400 15.221200
25.608000 15.754800
25.359600 14.206900
25.341200 13.963100
16.263100 10.025500
15.752500 9.738000
16.442500 10.991500
16.120500 8.990500
16.325200 8.590300
16.207900 9.388400
14.411600 9.485000
16.283800 8.841000
16.973800 9.439000
16.693200 10.536100
14.643900 11.143300
17.114100 9.731100
15.455800 8.450000
14.236800 8.953700
15.264900 8.213100
16.656400 9.924300
16.428700 8.916900
16.060700 9.158400
14.563400 7.205700
14.016000 10.126700
16.272300 9.103200
15.442000 8.022200
16.679400 8.284400
15.037200 9.554000
15.759400 8.401700
15.612200 11.881600
15.055600 9.489600
15.589200 10.214100
15.959500 9.356200
15.759400 9.682800
13.891800 9.298700
16.966900 8.519000
14.528900 8.730600
14.676100 7.898000
15.540900 9.347000
14.694500 8.693800
16.352800 9.878300
16.003200 8.608700
13.907900 9.018100
13.912500 10.674100
16.849600 9.595400
14.853200 8.923800
16.355100 9.970300
15.593800 8.514400
16.417200 9.140000
16.389600 8.588000
14.926800 10.384300
17.134800 10.260100
16.831200 8.571900
15.172900 9.496500
15.642100 8.866300
15.609900 8.870900
14.660000 9.698900
16.495400 9.390700
15.782400 8.581100
13.813600 9.565500
15.363800 8.923800
15.966400 9.991000
15.329300 8.668500
14.931400 7.909500
14.384000 9.954200
14.588700 10.227900
15.598400 9.855300
16.129700 8.914600
15.688100 7.918700
15.959500 10.018600
15.971000 9.623000
15.481100 9.581600
15.678900 8.818000
15.764000 8.916900
15.189000 9.197500
15.000400 9.179100
16.412600 9.765600
15.747900 9.342400
15.184400 9.731100
15.214300 10.007100
16.214800 8.325800
15.630600 9.218200
16.562100 9.503400
14.931400 9.988700
16.095200 9.618400
16.072200 9.022700
15.987100 9.813900
16.182600 8.896200
14.420800 9.462000
15.975600 10.186500
15.124600 9.797800
16.493100 9.305600
17.118700 10.460200
15.469600 8.841000
15.591500 9.303300
16.224000 8.951400
16.021600 9.666700
15.504100 10.186500
14.945200 8.769700
14.418500 9.310200
14.765800 8.723700
16.345900 8.569600
14.632400 8.585700
15.538600 9.813900
16.686300 13.864200
17.873100 15.143000
15.761700 14.347200
16.633400 13.429500
16.270000 14.853200
16.969200 14.761200
15.950300 13.733100
16.904800 13.896400
16.479300 14.998100
17.622400 12.921200
16.251600 13.273100
16.727700 13.868800
17.213000 14.013700
15.446600 14.998100
16.074500 14.002200
15.757100 15.258000
15.862900 14.763500
16.794400 14.453000
16.594300 15.511000
17.196900 14.952100
17.334900 15.179800
15.515600 14.880800
16.311400 14.952100
15.964100 15.069400
15.800800 14.243700
16.619600 13.776800
16.431000 15.531700
16.217100 14.995800
15.439700 14.784200
16.076800 17.031300
16.667900 14.584100
17.392400 14.623200
15.798500 13.799800
16.173400 15.221200
15.973300 15.761700
16.414900 14.853200
16.410300 14.390900
16.983000 15.727200
16.442500 12.935000
15.603000 16.161900
15.773200 15.329300
15.476500 14.050500
16.619600 15.016500
15.308600 14.890000
16.095200 14.363300
16.488500 14.683000
16.152700 14.121800
16.217100 15.030300
16.470100 14.013700
17.799500 14.121800
15.642100 14.167800
17.217600 14.821000
16.224000 14.517400
16.527600 15.184400
16.086000 14.878500
17.466000 15.193600
14.940600 14.501300
15.872100 12.886700
16.799000 15.616800
16.106700 14.420800
16.295300 15.218900
15.297100 14.671500
17.072700 14.324200
15.294800 14.765800
16.605800 14.991200
14.558800 14.400100
16.237800 13.843500
16.688600 14.719800
16.118200 15.253400
15.582300 13.829700
15.205100 14.039000
16.051500 14.308100
16.626500 15.085500
16.230900 14.749700
16.171100 14.420800
17.344100 15.225800
15.593800 15.048700
17.900700 14.312700
15.494900 15.338500
16.320600 16.159600
17.279700 14.926800
16.493100 14.243700
16.661000 16.389600
16.010100 14.761200
16.274600 16.141200
17.302700 13.638800
16.787500 15.402900
15.343100 15.416700
16.359700 17.123300
16.224000 15.437400
16.571300 15.276400
15.092400 15.989400
16.780600 14.616300
15.292500 16.419500
16.787500 16.065300
17.456800 14.275900
15.653600 13.445600
17.008300 14.101100
16.380400 15.037200
15.938800 15.191300
20.522700 19.457800
19.768300 19.986800
21.486400 19.703900
19.683200 18.351500
21.601400 20.490500
20.203000 19.959200
20.697500 19.825800
19.676300 19.862600
21.150600 20.129400
19.669400 19.977600
21.392100 19.069100
19.782100 20.223700
20.481300 19.016200
20.120200 19.073700
20.784900 20.476700
21.336900 19.717700
19.331300 19.637200
19.747600 19.101300
20.959700 18.461900
20.637700 19.393400
20.860800 18.471100
20.345600 19.055300
18.629800 19.805100
20.557200 19.358900
20.865400 20.449100
20.253600 19.103600
21.254100 22.059100
20.975800 19.094400
20.991900 20.561800
20.725100 19.542900
19.372700 19.565900
19.777500 18.882800
19.621100 19.126600
19.536000 20.058100
20.508900 19.294500
21.334600 20.313400
19.271500 18.450400
19.897100 19.324400
21.116100 19.554400
20.278900 18.606800
20.297300 19.053000
20.734300 19.950000
21.244900 20.037400
21.564600 20.403100
20.350200 19.669400
20.384700 19.119700
18.928800 19.285300
20.702100 19.754500
20.483600 19.317500
19.425600 19.306000
19.825800 20.097200
19.568200 19.881000
19.779800 20.191500
20.177700 19.193300
20.262800 19.685500
18.827600 19.427900
21.180500 19.253100
19.683200 19.013900
20.177700 20.021300
21.132200 20.803300
20.042000 20.191500
19.786700 20.596300
20.987300 19.595800
19.952300 18.804600
18.921900 18.275600
19.793600 19.324400
20.860800 19.197900
20.237500 20.032800
20.642300 20.226000
20.782600 20.499700
20.237500 19.340500
20.364000 18.245700
19.386500 20.419200
21.123000 19.105900
19.395700 21.217300
20.147800 18.376800
21.267900 19.197900
19.701600 17.976600
20.626200 18.993200
20.683700 20.391600
21.132200 19.855700
19.917800 19.427900
20.350200 20.094900
19.289900 20.094900
19.724600 19.897100
20.513500 19.340500
20.939000 20.334100
19.779800 20.313400
19.556700 19.059900
20.699800 20.768800
21.385200 19.565900
21.040200 19.188700
21.263300 19.609600
20.081100 19.230100
20.180000 21.327700
20.352500 21.196600
20.683700 19.869500
20.939000 20.893000
19.938500 18.128400
19.883300 18.852900
8.408600 15.789300
9.521800 14.816400
8.834100 15.085500
9.558600 16.796700
8.056700 14.742800
9.337800 15.501800
7.741600 15.370700
8.737500 15.140700
7.870400 16.086000
7.513900 13.804400
9.547100 15.016500
8.167100 15.336200
7.467900 15.062500
7.396600 15.892800
8.813400 14.264400
8.776600 14.733600
8.663900 15.851400
7.511600 15.152200
9.478100 14.597900
8.523600 14.347200
8.795000 15.186700
7.695600 16.214800
7.888800 15.103900
7.826700 15.810000
9.151500 15.561600
9.388400 15.267200
8.868600 14.982000
9.227400 14.823300
9.312500 15.359200
9.404500 16.219400
7.944000 13.089100
8.926100 14.650800
8.594900 15.202800
7.826700 15.350000
7.709400 14.637000
8.767400 15.253400
9.174500 14.788800
9.209000 14.804900
7.396600 16.198700
9.650600 15.568500
8.378700 14.627800
9.882900 14.528900
8.367200 14.876200
7.962400 16.040000
9.158400 15.324700
7.930200 14.687600
8.553500 16.557500
8.663900 15.191300
9.687400 15.423600
8.613300 14.045900
7.842800 14.450700
8.180900 15.757100
8.790400 14.420800
9.275700 14.906100
8.723700 15.189000
9.611500 15.665100
8.891600 14.696800
8.498300 16.224000
9.213600 13.760700
8.716800 14.243700
8.900800 16.017000
7.244800 15.009600
8.951400 14.634700
8.261400 15.246500
8.719100 15.793900
9.533300 15.462700
9.556300 15.692700
8.815700 16.102100
8.562700 15.333900
8.295900 15.697300
8.818000 15.402900
10.510800 14.991200
8.519000 14.975100
8.933000 13.928600
8.944500 14.683000
9.301000 16.297600
9.572400 15.883600
7.564500 15.908900
9.756400 14.915300
8.125700 15.354600
8.645500 16.548300
8.873200 15.225800
7.783000 14.775000
8.640900 15.913500
10.122100 15.117700
7.212600 15.488000
7.815200 15.649000
9.818500 14.671500
9.038800 15.669700
9.312500 15.101600
7.746200 15.283300
7.371300 15.402900
9.556300 14.906100
8.431600 15.299400
8.360300 16.702400
8.808800 16.115900
9.294100 15.143000
7.645000 14.945200
8.059000 14.476000
8.776600 15.386800
10.989200 13.061500
12.077100 13.760700
12.192100 14.620900
12.008100 16.113600
11.210000 14.287400
13.190300 13.450200
10.457900 13.537600
11.405500 15.589200
12.311700 13.707800
12.254200 15.090100
11.785000 14.788800
11.318100 14.634700
12.548600 13.958500
11.304300 14.455300
11.656200 14.984300
11.366400 13.781400
11.644700 15.527100
10.947800 15.938800
12.964900 15.191300
11.090400 14.616300
11.762000 13.473200
11.957500 14.528900
10.922500 15.099300
12.817700 14.701400
11.228400 14.653100
10.589000 14.137900
10.842000 14.089600
11.745900 15.166000
11.444600 13.013200
10.492400 14.526600
11.745900 14.154000
11.177800 14.370200
12.380700 13.595100
13.013200 14.195400
10.837400 14.298900
12.417500 13.305300
13.176500 14.692200
10.945500 14.885400
11.998900 13.675600
12.155300 14.404700
13.139700 14.542700
11.364100 15.191300
11.518200 15.262600
11.527400 15.113100
11.688400 15.011900
12.610700 14.959000
11.168600 15.513300
12.774000 14.423100
11.605600 14.660000
11.828700 15.536300
11.568800 15.649000
12.090900 15.147600
10.674100 14.218400
11.996600 13.744600
11.352600 14.630100
11.111100 14.172400
12.912000 13.878000
10.439500 14.556500
12.569300 14.338000
11.276700 13.206400
12.907400 15.775500
10.777600 13.871100
11.177800 14.183900
11.826400 14.365600
12.498000 14.503600
11.400900 13.696300
11.451500 14.349500
11.115700 13.286900
10.669500 14.250600
11.552700 13.873400
12.481900 13.687100
11.617100 15.718000
11.743600 13.896400
11.474500 13.167300
11.529700 14.052800
12.072500 13.390400
10.708600 15.469600
11.690700 14.443800
12.971800 15.336200
12.095500 12.856800
10.129000 14.485200
10.740800 14.558800
12.171400 15.405200
11.762000 13.944700
11.097300 13.132800
12.222000 14.662300
11.734400 14.140200
12.403700 14.409300
12.141500 15.474200
11.359500 14.381700
12.675100 14.798000
11.964400 14.232200
13.420300 13.514600
11.941400 14.625500
11.405500 14.643900
10.223300 13.489300
11.835600 15.471900
11.283600 13.815900
10.547600 14.066600
11.946000 15.018800
26.999500 17.323400
27.139800 16.447100
27.878100 16.780600
28.393300 16.822000
28.621000 16.463200
28.149500 18.156000
26.813200 17.705200
26.624600 18.084700
27.797600 18.291700
26.700500 16.923200
26.889100 17.042800
28.241500 18.303200
25.994400 16.686300
27.986200 17.360200
28.144900 16.559800
26.544100 17.344100
28.262200 18.894300
27.314600 18.082400
27.737800 16.927800
27.066200 16.631100
26.877600 18.689600
27.963200 16.046900
27.096100 17.367100
27.650400 17.176200
26.820100 18.823000
27.121400 18.259500
25.851800 18.618300
27.733200 16.996800
27.084600 17.075000
27.788400 18.349200
28.289800 17.953600
27.047800 17.827100
28.213900 18.133000
27.503200 18.397500
26.252000 18.438900
27.135200 18.390600
26.997200 17.183100
26.992600 17.192300
28.354200 16.656400
27.668800 16.000900
27.885000 16.474700
27.705600 18.737900
25.913900 17.949000
26.606200 18.296300
28.006900 17.905300
27.894200 16.920900
26.748800 16.081400
26.311800 16.290700
27.162800 16.730000
28.411700 18.119200
27.006400 18.179000
26.551000 17.624700
27.273200 19.517600
26.716600 17.514300
27.038600 15.807700
28.669300 17.477500
28.600300 17.859300
26.615400 17.783400
27.379000 17.907600
27.454900 17.495900
28.119600 18.236500
28.117300 17.725900
29.292600 17.461400
28.648600 16.566700
27.282400 17.139400
27.512400 17.031300
27.151300 17.236000
26.919000 16.270000
27.744700 16.874900
26.672900 17.344100
25.805800 17.275100
26.164600 15.968700
27.468700 15.632900
26.928200 18.114600
26.155400 17.576400
27.052400 17.638500
26.608500 18.420500
27.602100 18.928800
25.677000 17.921400
26.056500 17.183100
27.211100 18.689600
27.268600 17.834000
27.542300 16.460900
27.404300 17.086500
28.046000 18.045600
27.659600 16.872600
27.521600 16.534500
27.257100 16.962300
27.024800 17.491300
27.496300 17.406200
27.563000 16.932400
28.016100 16.872600
26.820100 19.057600
26.337100 18.119200
25.920800 17.854700
27.135200 18.926500
25.831100 18.029500
27.188100 17.633900
27.643500 17.978900
25.789700 17.732800
11.773500 8.187800
12.090900 7.679500
11.509000 8.774300
11.198500 8.344200
11.053600 8.289000
11.331900 8.045200
10.605100 6.904400
13.001700 6.619200
11.566500 8.990500
11.702200 8.289000
12.079400 8.532800
11.837900 8.164800
10.844300 7.730100
11.584900 9.765600
12.675100 7.495500
11.996600 7.766900
12.157600 8.824900
12.035700 7.511600
10.474000 7.930200
11.474500 7.415000
11.400900 8.408600
12.300200 8.624800
10.457900 9.020400
10.901800 9.257300
12.302500 7.996900
11.285900 8.082000
12.511800 8.933000
11.946000 6.860700
10.499300 8.930700
10.894900 9.903600
11.150200 8.192400
11.382500 8.408600
12.337000 8.261400
10.538400 8.164800
11.469900 6.892900
12.061000 8.346500
11.407800 9.128500
10.575200 8.590300
12.958000 7.481700
10.807500 7.304600
9.963400 7.849700
10.989200 9.574700
10.980000 8.914600
10.674100 8.468400
11.495200 7.845100
11.934500 8.436200
12.813100 8.049800
12.438200 8.585700
12.415200 9.887500
10.269300 8.289000
11.081200 8.452300
10.223300 7.576000
11.313500 9.215900
11.727500 7.484000
11.157100 9.878300
11.994300 8.785800
13.010900 7.907200
10.179600 8.450000
11.840200 9.013500
11.601000 8.981300
11.637800 8.962900
10.754600 8.169400
10.214100 7.405800
9.636800 8.194700
11.373300 8.231500
9.790900 9.156100
11.647000 9.163000
11.113400 7.226400
11.971300 8.169400
9.882900 8.772000
12.231200 8.180900
11.833300 7.168900
12.146100 7.755400
11.545800 7.366700
9.041100 8.546600
11.032900 7.339100
11.548100 8.861700
11.916100 8.224600
10.179600 7.957800
11.810300 8.226900
10.993800 8.714500
11.732100 7.757700
11.076600 9.025000
11.881600 9.287200
10.492400 8.868600
11.791900 8.061300
12.196700 9.367700
10.474000 8.588000
11.396300 7.518500
12.040300 7.891100
11.345700 8.811100
11.670000 8.576500
11.364100 7.099900
10.906400 7.265500
11.380200 8.408600
10.950100 8.615600
11.663100 8.203900
11.985100 9.634500
12.058700 7.734700
10.451000 6.840000
4.362900 28.220800
4.328400 26.997200
5.556600 27.004100
6.320200 27.344500
4.445700 27.300800
4.599800 26.376200
5.273700 27.820600
4.834400 27.052400
4.908000 29.299500
7.226400 28.427800
4.744700 26.813200
5.676200 27.323800
5.892400 28.211600
5.404800 27.811400
4.903400 26.801700
4.767700 28.572700
6.267300 26.863800
6.361600 27.558400
6.849200 28.395600
6.198300 27.103000
7.148200 27.972400
4.940200 27.208800
5.225400 28.501400
5.211600 27.694100
6.681300 27.560700
5.765900 28.197800
5.669300 27.022500
6.386900 27.236400
5.257600 27.549200
5.092000 27.553800
5.301300 27.625100
4.149000 27.298500
5.526700 27.077700
5.432400 27.500900
5.351900 27.841300
5.897000 28.533600
4.937900 27.742400
5.356500 27.114500
3.932800 26.718900
5.515200 27.747000
3.748800 26.061100
5.989000 26.238200
6.184500 27.935600
4.132900 28.326600
5.138000 27.678000
5.841800 27.459500
4.627400 28.917700
5.644000 28.062100
4.625100 27.804500
5.034500 27.636600
5.899300 27.282400
6.062600 27.073100
4.832100 28.103500
5.680800 27.937900
5.096600 27.344500
6.593900 28.177100
4.645800 27.671100
4.799900 28.368000
5.446200 29.274200
4.337600 27.307700
5.561200 27.666500
6.600800 27.827500
5.064400 27.567600
4.413500 27.277800
4.027100 27.275500
4.726300 26.371600
4.730900 26.730400
5.897000 29.255800
5.009200 27.165100
6.269600 27.321500
6.439800 27.132900
6.108600 27.885000
5.926900 27.878100
6.271900 27.468700
5.972900 27.990800
5.259900 27.947100
4.567600 27.917200
6.315600 26.785600
4.744700 27.121400
4.556100 28.478400
5.200100 28.046000
6.331700 27.436500
5.926900 26.937400
6.317900 27.728600
3.555600 26.930500
6.260400 26.636100
5.050600 27.569900
6.968800 27.563000
5.648600 27.204200
5.508300 27.664200
5.591100 28.687700
5.538200 27.300800
5.108100 27.514700
4.390500 27.825200
4.850500 27.979300
5.423200 27.270900
5.738300 27.855100
5.901600 27.804500
6.552500 26.937400
4.365200 25.962200
8.772000 20.778000
9.694300 23.199900
9.671300 20.690600
8.622500 22.213200
8.813400 21.100000
8.300500 21.242600
8.861700 21.405900
8.675400 19.798200
7.166600 20.101800
9.383800 21.235700
9.064100 21.801500
8.548900 21.640500
8.866300 20.692900
7.403500 20.177700
8.629400 23.029700
9.211300 21.955600
9.257300 22.024600
7.511600 22.542100
8.930700 22.312100
8.921500 21.286300
8.985900 19.108200
9.381500 21.679600
8.151000 21.707200
8.631700 21.118400
8.831800 20.384700
8.231500 20.676800
7.950900 20.697500
8.312000 21.348400
8.456900 21.318500
9.114700 21.578400
7.806000 22.072900
9.636800 21.688800
7.672600 22.121200
8.923800 20.244400
8.755900 21.771600
8.958300 20.322600
7.829000 21.021800
9.445900 21.925700
9.073300 21.385200
7.815200 21.497900
8.640900 22.420200
8.836400 20.784900
7.847400 21.104600
7.566800 20.598600
9.556300 21.755500
9.052600 22.151100
9.312500 20.830900
8.111900 21.778500
9.919700 20.492800
9.459700 21.047100
9.478100 20.623900
10.004800 21.454200
8.916900 19.841900
8.804200 22.270700
9.974900 20.538800
7.557600 20.161600
7.661100 20.504300
9.082500 22.560500
8.583400 21.863600
9.450500 22.178700
8.231500 20.950500
7.992300 19.460100
8.392500 21.224200
8.107300 22.123500
7.668000 20.391600
9.669000 20.267400
8.604100 21.362200
8.611000 21.525500
7.642700 22.194800
8.693800 21.001100
6.561700 21.484100
9.533300 21.385200
8.864000 21.511700
8.413200 21.111500
7.868100 19.434800
8.047500 20.032800
9.682800 21.592200
8.691500 20.377800
8.509800 22.031500
9.080200 21.534700
9.158400 20.943600
9.878300 19.556700
9.441300 23.055000
9.360800 20.955100
8.408600 20.635400
8.831800 21.612900
9.153800 21.750900
7.801400 22.036100
8.450000 20.980400
7.835900 22.703100
7.672600 21.233400
8.160200 20.738900
8.420100 19.699300
9.919700 21.201200
10.271600 20.370900
8.535100 22.031500
9.496500 21.700300
9.234300 21.461100
8.659300 21.001100
8.026800 20.324900
14.213800 27.533100
14.317300 27.576800
15.207400 28.119600
14.473700 25.571200
14.227600 27.480200
13.174200 27.015600
14.367900 25.861000
14.358700 26.799400
14.209200 26.148500
14.165500 27.261700
13.413400 26.767200
14.324200 26.656800
13.388100 26.001300
13.236300 26.155400
14.473700 26.965000
15.471900 26.886800
13.710100 26.511900
13.742300 25.141100
13.901000 25.736800
14.781900 26.643000
13.924000 25.290600
14.823300 26.284200
14.006800 28.379500
13.464000 27.505500
15.446600 26.410700
14.735900 27.482500
14.188500 27.682600
14.469100 25.244600
15.688100 26.974200
13.075300 28.719900
13.047700 26.840800
14.745100 24.901900
14.259800 26.010500
14.425400 27.802200
12.905100 25.780500
14.940600 27.675700
13.061500 26.965000
14.045900 26.346300
13.388100 26.127800
14.312700 25.964500
14.735900 27.572200
14.183900 26.341700
13.353600 26.302600
13.496200 26.594700
13.990700 25.647100
13.240900 26.870700
14.066600 26.990300
13.480100 27.579100
16.914000 26.682100
14.561100 26.916700
14.473700 26.822400
13.802100 26.967300
13.146600 26.896000
13.162700 26.845400
15.596100 25.081300
14.729000 27.475600
15.117700 27.795300
14.568000 25.748300
12.661300 26.534900
13.995300 26.861500
13.682500 26.769500
13.259300 27.595200
14.236800 26.974200
14.167800 26.054200
14.673800 27.774600
14.211500 25.989800
14.158600 25.541300
14.358700 26.054200
13.498500 27.151300
14.091900 26.070300
14.623200 26.286500
13.963100 27.503200
13.855000 26.622300
13.841200 26.242800
14.505900 27.307700
14.087300 28.611800
13.174200 26.921300
13.468600 26.948900
14.080400 27.533100
14.885400 26.944300
13.813600 25.927700
14.091900 26.594700
14.528900 26.560200
14.680700 25.782800
15.147600 26.341700
15.386800 26.261200
13.454800 26.758000
13.059200 28.036800
13.408800 27.151300
13.231700 27.855100
14.554200 26.127800
13.098300 25.235400
14.119500 25.716100
12.808500 26.574000
13.250100 26.509600
14.772700 26.486600
13.470900 27.303100
13.753800 27.947100
13.790600 26.263500
14.480600 27.556100
24.435000 27.813700
25.313600 28.011500
26.079500 28.066700
23.802500 26.971900
25.414800 27.266300
24.966300 29.150000
25.221600 27.174300
24.416600 28.517500
25.419400 26.656800
24.589100 27.429600
25.559700 26.932800
24.761600 26.486600
25.775900 28.692300
26.693600 28.186300
24.363700 26.870700
25.196300 27.247900
28.726800 26.721200
25.750600 27.073100
26.104800 26.187600
24.032500 26.433700
25.437800 27.595200
25.713800 28.793500
26.141600 28.545100
25.182500 26.357800
24.837500 27.889600
25.295200 27.057000
24.577600 27.820600
25.191700 27.563000
24.934100 28.250700
23.374700 28.370300
25.959900 28.579600
24.060100 27.190400
25.481500 29.361600
24.538500 29.796300
26.189900 28.041400
24.129100 27.418100
24.849000 27.583700
25.773600 27.454900
24.798400 27.468700
25.794300 28.480700
24.996200 27.804500
24.543100 28.692300
24.299300 28.549700
26.077200 28.726800
25.686200 27.737800
25.994400 27.020200
23.225200 29.246600
25.619500 29.853800
24.136000 28.492200
24.954800 28.710700
25.203200 28.338100
24.248700 27.507800
26.456700 29.012000
25.338900 27.857400
26.263500 28.694600
25.288300 28.039100
26.511900 27.843600
25.226200 27.519300
25.417100 27.109900
25.571200 27.307700
26.063400 27.068500
24.957100 28.464600
25.099700 29.078700
25.168700 29.124700
24.400500 27.687200
26.383100 29.235100
25.511400 28.940700
24.855900 27.119100
24.320000 28.098900
23.745000 27.406600
25.536700 27.804500
25.428600 28.050600
24.906500 26.686700
25.541300 28.342700
25.884000 27.958600
27.866600 29.290300
26.330200 28.282900
25.962200 27.006400
25.741400 28.133400
23.848500 28.006900
25.497600 25.180200
24.899600 27.392800
25.670100 27.126000
25.985200 28.531300
25.430900 27.887300
27.109900 27.059300
25.481500 27.247900
24.094600 27.093800
24.605200 27.655000
24.819100 25.003100
25.260700 27.351400
25.384900 29.437500
24.244100 27.648100
24.669600 26.852300
24.228000 27.107600
25.371100 28.289800
24.412000 27.404300
24.793800 28.742900
25.141100 27.006400
24.271700 27.627400
26.682100 22.972200
26.074900 22.496100
26.677500 21.458800
26.714300 21.861300
27.215700 23.935900
27.126000 21.974000
27.353700 21.594500
27.282400 21.474900
26.958100 22.466200
27.043200 21.948700
26.942000 22.342000
26.339400 23.255100
25.373400 21.776200
26.286500 21.564600
26.889100 21.964800
27.103000 21.327700
27.615900 22.319000
26.261200 22.429400
27.126000 20.752700
26.567100 21.330000
26.748800 22.705400
26.516500 22.546700
26.629200 22.162600
27.694100 23.526500
26.610800 22.109700
27.142100 21.787700
26.705100 20.780300
27.588300 22.015400
25.525200 21.543900
26.058800 21.120700
26.675200 22.095900
26.833900 21.221900
27.020200 20.656100
26.935100 21.909600
26.187600 22.999800
27.323800 20.531900
26.100200 19.749900
25.771300 23.029700
26.357800 21.635900
26.256600 21.888900
27.868900 21.769300
27.726300 22.546700
26.229000 22.098200
26.534900 21.976300
26.459000 22.408700
26.408400 21.557700
27.137500 22.452400
25.042200 23.087200
27.351400 20.589400
27.793000 22.535200
26.511900 22.509900
27.238700 22.300600
25.819600 21.083900
26.721200 21.008000
26.695900 21.658900
25.913900 23.218300
27.169700 22.112000
27.252500 21.861300
26.222100 21.675000
26.792500 21.382900
26.054200 23.137800
27.254800 20.856200
26.654500 22.604200
26.822400 22.415600
27.107600 22.365000
27.188100 21.688800
27.576800 21.589900
26.321000 22.029200
25.403300 22.728400
27.059300 21.629000
27.413500 22.344300
26.217500 21.573800
27.022500 22.498400
27.257100 22.647900
25.867900 22.003900
27.836700 22.622600
26.705100 23.305700
28.092000 22.841100
26.930500 22.406400
26.564800 21.150600
28.142600 21.495600
27.319200 22.404100
26.624600 21.240300
26.114000 21.304700
25.472300 22.551300
27.418100 21.571500
27.261700 20.037400
26.661400 21.454200
28.501400 21.932600
27.045500 22.578900
28.103500 21.389800
27.103000 21.847500
26.548700 21.479500
26.900600 21.261000
26.369300 22.631800
26.537200 23.310300
27.360600 24.037100
26.261200 22.613400
25.288300 22.190200
25.718400 22.491500
22.680100 4.549200
22.245400 5.821100
22.093600 6.106300
22.983700 6.207500
21.219600 5.763600
20.370900 6.053400
23.179200 5.071300
21.813000 7.095300
21.502500 5.485300
22.919300 4.358300
21.339200 5.740600
22.328200 5.351900
21.815300 5.232300
22.213200 4.641200
21.451900 4.701000
22.565100 6.071800
21.865900 6.002800
22.675500 4.602100
20.085700 6.193700
20.998800 5.264500
22.192500 6.446700
22.098200 6.092500
22.135000 5.982100
22.949200 4.641200
22.963000 4.519300
22.187900 5.844100
20.840100 5.694600
21.658900 6.692800
22.169500 5.370300
22.158000 6.104000
21.208100 4.875800
21.534700 5.271400
21.272500 4.560700
22.661700 6.442100
22.500700 5.338100
21.507100 5.089700
22.346600 6.131600
21.451900 3.877600
23.540300 6.156900
22.222400 4.673400
21.318500 5.917700
21.157500 4.880400
22.243100 5.379500
23.595500 5.379500
22.454700 6.281100
22.567400 4.767700
21.773900 4.093800
21.819900 5.823400
21.658900 5.464600
21.357600 6.430600
23.268900 6.005100
22.753700 5.593400
22.169500 5.772800
22.581200 5.043700
22.981400 6.851500
22.636400 6.865300
22.760600 5.940700
21.870500 4.185800
23.119400 5.621000
23.052700 5.170200
23.015900 5.913100
22.056800 5.782000
21.902700 4.701000
21.658900 5.860200
21.847500 6.754900
20.341000 5.565800
21.877400 5.223100
21.868200 4.848200
22.072900 5.269100
21.925700 5.404800
21.569200 4.556100
22.208600 5.522100
22.542100 5.874000
20.150100 7.231000
23.020500 5.209300
21.840600 7.001000
22.535200 5.887800
23.250500 5.188600
23.666800 7.502400
20.750400 5.289800
22.443200 4.089200
22.256900 5.979800
22.270700 5.577300
21.859000 4.882700
22.645600 6.702000
23.291900 5.119600
23.876100 6.375400
22.296000 6.005100
21.815300 6.071800
21.737100 5.397900
22.657100 5.280600
22.390300 6.386900
22.224700 5.630200
22.220100 5.407100
21.231100 5.986700
21.767000 6.269600
21.723300 6.538700
22.256900 5.844100
21.583000 3.792500
21.254100 5.593400
22.887100 16.854200
23.393100 16.465500
22.894000 15.283300
25.580400 15.416700
22.521400 15.987100
21.769300 16.219400
22.443200 14.570300
21.955600 16.065300
23.832400 17.399300
22.339700 16.007800
23.611600 16.840400
22.896300 16.258500
21.884300 16.028500
23.036600 15.414400
22.804300 15.405200
21.755500 15.414400
22.698500 16.700100
21.707200 15.575400
22.475400 15.306300
22.937700 16.681700
23.365500 15.718000
23.478200 15.768600
23.027400 15.833000
21.964800 15.660500
23.061900 16.182600
22.537500 15.966400
21.914200 15.996300
23.202200 16.428700
21.663500 17.351000
22.868700 15.156800
22.963000 15.980200
23.059600 16.258500
24.209600 16.120500
23.165400 15.294800
21.707200 15.437400
23.271200 16.364300
22.919300 16.419500
21.750900 15.377600
22.935400 15.366100
20.640000 17.173900
23.232100 17.792600
23.400000 18.392900
23.089500 16.366600
23.579400 16.870300
23.298800 16.385000
23.475900 16.815100
22.659400 16.150400
23.232100 15.025700
22.070600 16.063000
22.068300 17.279700
24.303900 15.490300
22.707700 15.384500
22.118900 15.828400
24.078500 15.283300
23.344800 16.490800
23.471300 17.613200
22.555900 16.730000
23.524200 15.297100
23.133200 16.329800
22.160300 16.953100
22.963000 14.892300
23.952000 17.282000
24.147500 16.720800
23.036600 15.674300
22.381100 15.943400
22.227000 15.028000
22.942300 17.213000
22.355800 16.224000
22.958400 15.078600
23.009000 16.711600
22.983700 15.897400
23.078000 16.069900
21.302400 17.231400
23.048100 16.518400
23.091800 15.359200
22.767500 17.949000
22.930800 16.081400
22.990600 18.323900
22.749100 16.690900
21.838300 16.168800
24.067000 16.605800
23.034300 16.769100
21.541600 16.102100
21.585300 16.355100
23.551800 15.842200
22.857200 16.203300
23.195300 15.782400
22.949200 14.754300
23.137800 15.918100
23.144700 14.970500
24.055500 16.562100
22.795100 15.538600
24.478700 17.942100
23.425300 17.150900
22.624900 15.419000
23.135500 15.975600
22.825000 16.495400
24.225700 16.035400
23.314900 17.001400
23.393100 15.954900
22.721500 11.113400
24.244100 11.573400
23.015900 10.947800
22.086700 12.534800
23.954300 11.584900
21.822200 10.963900
24.041700 11.780400
22.049900 11.911500
22.519100 11.274400
22.390300 11.262900
22.760600 11.419300
22.493800 11.469900
22.443200 11.134100
23.554100 13.116700
22.979100 11.580300
22.765200 12.714200
20.370900 10.952400
23.425300 10.855800
22.445500 11.913800
23.243600 13.487000
21.378300 11.858600
22.797400 10.747700
23.213700 12.557800
23.795600 12.932700
22.567400 13.070700
23.022800 11.966700
21.739400 10.782200
22.006200 11.582600
21.341500 13.112100
22.031500 11.529700
22.687000 10.894900
22.171800 12.003500
24.023300 13.217900
23.551800 12.217400
22.903200 11.527400
21.622100 12.169100
22.631800 10.761500
22.215500 12.159900
22.273000 11.932200
23.917500 12.925800
22.365000 11.870100
22.491500 11.713700
23.827800 12.757900
23.607000 12.155300
23.308000 11.019100
23.945100 10.292300
22.406400 12.537100
22.498400 11.957500
21.997000 10.814400
23.245900 11.801100
22.289100 11.987400
23.153900 11.417000
22.864100 13.142000
21.633600 12.231200
23.225200 11.998900
22.371900 11.741300
23.857700 11.812600
23.179200 11.111100
21.718700 12.281800
23.448300 12.169100
23.082600 12.456600
23.004400 11.433100
21.905000 12.435900
22.751400 11.200800
24.198100 10.860400
23.167700 12.320900
21.686500 12.233500
22.367300 13.261600
22.921600 11.630900
21.686500 12.040300
22.167200 10.800600
21.957900 11.354900
22.896300 11.750500
22.917000 11.127200
23.271200 12.320900
22.714600 12.008100
22.031500 12.272600
22.286800 10.520000
22.930800 13.245500
21.780800 12.104700
23.809400 12.410600
22.463900 11.364100
22.155700 11.430800
22.668600 11.732100
22.712300 12.077100
23.722000 11.736700
22.739900 11.504400
22.358100 11.642400
22.068300 12.286400
22.457000 11.315800
22.509900 12.109300
21.854400 11.164000
22.615700 11.851700
24.094600 11.987400
22.199400 11.686100
23.172300 11.239900
22.963000 11.900000
22.411000 12.270300
23.321800 12.659000
23.232100 12.042600
10.402700 23.655300
10.011700 24.039400
10.549900 23.947400
10.752300 25.435500
8.776600 25.283700
9.468900 23.466700
10.782200 23.340200
10.966200 23.864600
10.066900 26.074900
9.606900 25.069800
9.514900 25.088200
11.175500 25.996700
11.012200 25.341200
10.025500 23.977300
9.618400 25.398700
10.432600 24.517800
9.082500 22.135000
8.654700 24.757000
10.777600 24.490200
9.411400 24.469500
10.179600 24.685700
10.678700 23.993400
11.481400 24.432700
9.399900 23.662200
10.276200 24.651200
10.920200 24.770800
9.245800 24.849000
10.414200 24.520100
9.928900 24.791500
10.043900 24.393600
10.547600 23.620800
10.411900 25.973700
11.076600 23.871500
9.788600 24.559200
9.961100 24.439600
10.276200 24.423500
10.963900 24.964000
10.598200 24.761600
10.140500 23.294200
11.366400 23.853100
10.345200 24.294700
10.356700 24.386700
9.908200 24.849000
9.393000 23.239000
11.755100 23.979600
10.131300 25.028400
9.816200 23.894500
9.471200 24.791500
10.175000 25.177900
10.345200 24.653500
9.583900 25.451600
9.510300 25.936900
10.715500 23.052700
9.767900 25.007700
11.009900 24.453400
10.890300 24.734000
9.259600 24.221100
8.519000 22.898600
10.612000 25.203200
10.552200 22.905500
11.400900 23.981900
10.000200 24.048600
11.555000 25.039900
10.819000 24.816800
9.627600 24.310800
11.067400 24.216500
10.904100 24.009500
9.181400 25.389500
9.859900 24.119900
9.922000 23.705900
10.124400 25.003100
9.747200 24.294700
11.003000 24.237200
10.202600 24.115300
11.352600 23.505800
10.681000 23.335600
10.531500 24.957100
11.012200 25.090500
10.395800 23.436800
9.802400 23.970400
9.848400 23.839300
10.570600 23.876100
10.177300 24.727100
10.819000 23.832400
11.856300 25.934600
10.083000 24.101500
9.508000 23.843900
9.533300 24.869700
10.430300 23.475900
9.181400 24.973200
10.584400 23.774900
9.485000 22.935400
10.179600 22.316700
10.589000 23.853100
8.820300 25.090500
10.625800 24.209600
10.439500 24.016400
10.444100 24.078500
9.452800 24.561500
10.356700 24.315400
14.478300 21.764700
15.048700 22.539800
14.535800 22.388000
14.793400 23.147000
15.382200 21.762400
16.810500 21.829100
16.283800 22.427100
16.564400 21.010300
16.065300 22.544400
16.587400 22.470800
15.704200 22.141900
17.201500 20.782600
15.731800 22.491500
15.126900 20.446800
15.846800 22.857200
15.835300 21.686500
16.587400 23.393100
14.786500 22.208600
14.696800 21.875100
15.704200 22.866400
14.517400 22.705400
15.267200 21.422000
15.253400 20.971200
15.987100 21.964800
15.129200 23.034300
15.566200 22.691600
17.392400 20.851600
16.129700 22.141900
15.246500 22.169500
14.669200 20.860800
14.581800 23.275800
15.313200 21.548500
15.172900 22.850300
15.255700 21.226500
15.759400 21.769300
15.554700 21.909600
14.317300 23.289600
14.860100 22.289100
14.565700 23.197600
14.800300 22.208600
14.995800 21.886600
14.648500 21.136800
14.600200 21.840600
14.982000 21.003400
15.126900 21.656600
15.313200 22.355800
14.942900 21.449600
15.490300 21.341500
14.662300 21.327700
15.080900 22.670900
15.090100 21.334600
15.747900 22.698500
15.998600 22.802000
15.750200 21.891200
15.888200 22.595000
14.660000 22.256900
16.191800 21.468000
15.448900 20.959700
14.551900 21.987800
15.379900 21.311600
16.240100 21.693400
17.010600 21.838300
14.929100 23.413800
15.646700 21.157500
15.501800 20.759600
15.642100 21.502500
15.635200 21.394400
15.800800 21.573800
14.931400 22.181000
14.177000 21.362200
14.390900 22.192500
14.961300 21.208100
15.685800 21.120700
15.890500 21.106900
16.134300 21.141400
15.821500 22.137300
14.492100 21.553100
15.897400 21.484100
14.252900 21.691100
16.435600 23.487400
16.035400 23.248200
15.862900 23.671400
14.390900 21.714100
16.610400 20.945900
15.676600 22.381100
14.887700 21.907300
15.474200 21.969400
15.816900 21.776200
15.584600 22.505300
15.170600 21.776200
15.324700 22.392600
15.879000 20.419200
14.844000 22.072900
15.269500 21.493300
14.588700 23.317200
15.573100 21.244900
15.810000 21.279400
15.676600 22.208600
14.940600 22.526000
13.999900 21.647400
6.214400 11.672300
5.807300 11.322700
5.547400 10.223300
3.981100 10.761500
5.411700 11.005300
4.227200 10.227900
6.228200 10.154300
4.592900 8.905400
5.499100 9.595400
4.070800 10.584400
3.978800 10.223300
4.123700 10.218700
4.061600 9.997900
4.563000 10.708600
4.335300 10.165800
4.873500 9.859900
4.358300 9.310200
5.282900 10.191100
4.652700 9.406800
5.425500 11.810300
4.719400 9.514900
4.912600 10.589000
3.877600 10.977700
4.615900 10.115200
5.271400 9.282600
5.287500 10.149700
4.954000 8.930700
4.066200 9.841500
4.875800 10.991500
6.131600 9.310200
4.659600 10.285400
5.577300 9.503400
5.547400 10.264700
4.565300 10.566000
6.120100 9.413700
4.848200 9.310200
4.659600 11.021400
5.581900 9.993300
5.105800 11.527400
4.806800 8.139500
5.897000 10.232500
5.489900 10.957000
4.878100 9.542500
4.535400 9.443600
4.882700 10.248600
6.267300 10.819000
4.809100 9.652900
5.892400 10.646500
5.273700 10.980000
5.236900 9.084800
5.979800 9.344700
4.737800 10.683300
5.644000 10.632700
4.540000 9.278000
5.257600 10.957000
4.701000 9.142300
6.124700 10.674100
5.982100 9.413700
3.801700 10.704000
4.160500 10.041600
5.487600 10.724700
4.291600 9.149200
6.081000 10.161200
5.069000 10.839700
6.805500 9.445900
3.974200 10.181900
4.878100 10.209500
4.397400 8.760500
6.366200 9.404500
4.661900 10.464800
5.552000 9.715000
4.397400 10.386600
5.119600 10.211800
5.722200 10.517700
4.703300 9.360800
4.896500 9.151500
5.469200 10.009400
6.110900 10.669500
4.342200 11.550400
5.248400 9.420600
4.857400 9.721900
5.556600 11.180100
5.657800 9.342400
4.701000 9.878300
4.632000 11.672300
5.011500 10.398100
5.655500 10.296900
4.988500 10.655700
5.763600 10.508500
5.483000 11.111100
5.793500 10.600500
5.009200 11.515900
4.797600 9.689700
5.722200 9.747200
6.214400 9.827700
5.489900 10.708600
5.232300 10.198000
4.107600 10.713200
4.687200 11.766600
5.519800 10.168100
5.844100 17.399300
4.618200 17.753500
5.368000 17.500500
6.067200 15.998600
5.853300 16.410300
5.489900 17.277400
5.627900 16.566700
5.025300 18.156000
6.688200 16.242400
5.897000 17.362500
5.117300 16.746100
5.611800 17.380900
6.051100 16.102100
4.319200 16.661000
5.977500 17.824800
5.922300 16.989900
5.788900 16.893300
5.526700 16.088300
6.718100 17.597100
5.450800 15.377600
5.749800 17.001400
5.740600 15.964100
7.030900 16.730000
5.411700 17.081900
4.330700 17.256700
5.899300 16.543700
6.207500 15.669700
6.074100 17.696000
5.253000 16.812800
4.535400 15.849100
6.113200 16.044600
5.248400 17.661500
6.676700 15.738700
6.108600 17.385500
5.793500 17.847800
6.113200 16.187200
5.800400 15.497200
6.738800 17.233700
6.189100 18.116900
5.064400 17.564900
4.875800 16.559800
5.082800 17.783400
5.793500 17.449900
6.780200 16.983000
4.862000 17.111800
6.046500 17.505100
5.588800 16.311400
6.345500 16.877200
5.708400 15.789300
6.253500 16.495400
6.653700 17.019800
6.205200 15.667400
6.301800 15.789300
5.945300 16.796700
5.639400 17.976600
5.476100 16.918600
7.060800 16.086000
4.756200 17.877700
5.453100 17.415400
6.115500 16.877200
5.993600 17.702900
4.864300 16.081400
5.496800 16.182600
6.044200 17.093400
6.340900 17.785700
4.721700 16.005500
7.049300 16.224000
5.055200 18.521700
5.441600 18.498700
6.987200 17.238300
5.131100 16.681700
7.431100 18.333100
6.087900 16.120500
5.887800 16.378100
6.212100 17.958200
6.984900 17.178500
5.354200 17.201500
7.214900 16.794400
6.890600 16.095200
5.552000 15.557000
6.048800 16.210200
5.749800 16.506900
6.306400 16.824300
5.326600 16.672500
6.423700 17.470600
5.190900 16.145800
5.894700 16.267700
5.466900 17.748900
4.816000 17.003700
5.890100 16.939300
6.041900 17.362500
6.545600 16.697800
6.062600 17.086500
5.121900 18.427400
7.341400 16.819700
5.138000 16.615000
5.736000 16.999100
5.276000 17.247500
6.444400 16.203300
7.162000 18.183600
