0.599457 0.246941
0.517327 0.572553
0.552292 0.405679
0.146420 0.868056
0.112328 0.139468
0.149248 0.039411
0.857732 0.891708
0.122564 0.461569
0.393185 0.126154
0.864393 0.864067
0.740818 0.166566
0.263630 0.192304
0.832469 0.467619
0.150446 0.010095
0.278511 0.974131
0.031691 0.911452
0.057940 0.671770
0.349697 0.455498
0.221139 0.338526
0.308106 0.708900
0.871254 0.409317
0.816221 0.011549
0.787698 0.525954
0.833729 0.224041
0.376743 0.697709
0.848420 0.478317
0.846360 0.548319
0.991371 0.904711
0.385628 0.955483
0.765342 0.525503
0.991043 0.694983
0.194607 0.114037
0.262116 0.735502
0.550447 0.397151
0.758430 0.023787
0.813575 0.748268
0.180203 0.389023
0.037600 0.011788
0.996268 0.488197
0.372025 0.196172
0.807192 0.705753
0.001556 0.771227
0.111483 0.948633
0.332736 0.451103
0.004981 0.824393
0.308168 0.556447
0.926601 0.156222
0.867330 0.500239
0.924456 0.822355
0.442980 0.088712
0.030197 0.874231
0.474285 0.663695
0.881648 0.304659
0.895763 0.027532
0.279926 0.811766
0.853220 0.944835
0.303011 0.780236
0.985130 0.527006
0.252596 0.038962
0.759653 0.138845
0.386943 0.309278
0.416851 0.905999
0.425948 0.912744
0.805401 0.288378
0.318089 0.369844
0.605647 0.674063
0.972230 0.926516
0.611872 0.046239
0.545308 0.403640
0.544779 0.040176
0.995762 0.056958
0.272680 0.072124
0.547611 0.351818
0.375300 0.789168
0.904020 0.165697
0.278977 0.472729
0.112882 0.386538
0.302088 0.921976
0.198534 0.721211
0.215893 0.625658
0.581991 0.458724
0.816907 0.222717
0.477280 0.982418
0.183262 0.545432
0.293106 0.123806
0.851593 0.577679
0.578829 0.545335
0.184468 0.568633
0.091389 0.682642
0.051457 0.189151
0.294218 0.278931
0.812102 0.287751
0.073958 0.067983
0.149414 0.394192
0.196814 0.235022
0.183976 0.298735
0.504859 0.971347
0.791990 0.172521
0.802851 0.710093
0.905798 0.434707
0.867099 0.698090
0.273093 0.389776
0.838479 0.807712
0.245506 0.836274
0.945757 0.877769
0.381288 0.541162
0.845961 0.716400
0.709105 0.285251
0.610802 0.054461
0.297147 0.202789
0.387015 0.738230
0.260541 0.178915
0.842036 0.915098
0.446217 0.244498
0.252366 0.416180
0.802443 0.561482
0.577336 0.978157
0.077675 0.475013
0.479402 0.553974
0.167940 0.168922
0.415449 0.606217
0.302803 0.497519
0.986757 0.030431
0.465867 0.473905
0.691806 0.266400
0.799934 0.400993
0.095162 0.630060
0.026393 0.716802
0.012140 0.596670
0.870892 0.698408
0.624344 0.431791
0.336196 0.370296
0.375026 0.529884
0.143330 0.881882
0.625876 0.374436
0.982212 0.872528
0.606816 0.371749
0.369094 0.066707
0.342521 0.245684
0.608551 0.720163
0.292425 0.546147
0.787080 0.641904
0.743661 0.218080
0.635050 0.273784
0.230751 0.270937
0.366526 0.470940
0.229261 0.349963
0.896497 0.134627
0.215724 0.060693
0.708881 0.529411
0.474320 0.034415
0.961343 0.844077
0.820374 0.875217
0.777025 0.139438
0.971492 0.933718
0.696077 0.292011
0.001111 0.485862
0.594803 0.993981
0.132915 0.088820
0.426318 0.750956
0.340070 0.662360
0.889438 0.793162
0.101596 0.446075
0.037993 0.168638
0.770711 0.174093
0.558814 0.614978
0.156636 0.914822
0.058502 0.919235
0.113799 0.900870
0.367891 0.789841
0.394238 0.733156
0.852391 0.525439
0.402140 0.394633
0.056592 0.014816
0.743570 0.415399
0.151093 0.871537
0.637772 0.474504
0.356985 0.344746
0.371420 0.886554
0.378604 0.019316
0.144934 0.346208
0.166352 0.822981
0.998732 0.334163
0.485186 0.047618
0.194464 0.229061
0.387483 0.826417
0.399210 0.741429
0.528590 0.663649
0.197224 0.038812
0.246670 0.101233
0.702668 0.569226
0.793688 0.402596
0.260492 0.861041
0.565531 0.472899
0.891344 0.347813
0.408902 0.257445
0.132708 0.570896
0.921342 0.648802
0.663860 0.858424
0.700121 0.375940
0.803325 0.123997
0.871469 0.509142
0.545821 0.922676
0.682680 0.078168
0.252906 0.710767
0.093121 0.261297
0.263687 0.707709
0.051623 0.344981
0.426373 0.073293
0.458402 0.531408
0.970819 0.873518
0.930553 0.270730
0.150167 0.638492
0.201525 0.586482
0.195725 0.065144
0.448924 0.636450
0.094135 0.549718
0.436835 0.255242
0.171878 0.234326
0.896612 0.031870
0.147485 0.518170
0.682641 0.410320
0.240358 0.274347
0.649399 0.712902
0.970286 0.703508
0.421915 0.245540
0.534639 0.726566
0.116592 0.059809
0.224158 0.419247
0.667174 0.009144
0.538556 0.290875
0.335016 0.433230
0.460025 0.401781
0.087393 0.159144
0.493359 0.386557
0.996702 0.769620
0.582851 0.547835
0.049996 0.676732
0.565430 0.515900
0.766445 0.782990
0.216691 0.184649
0.659667 0.330802
0.454779 0.044377
0.422939 0.941849
0.687669 0.819405
0.627525 0.585108
0.970855 0.489714
0.790302 0.231411
0.101961 0.181327
0.342304 0.460683
0.889387 0.592626
0.642610 0.384949
0.669620 0.404116
0.608069 0.535810
0.307907 0.083602
0.122604 0.574906
0.073111 0.453056
0.899061 0.582639
0.976663 0.287881
0.649913 0.934755
0.349404 0.533581
0.847178 0.331335
0.008954 0.990226
0.406123 0.109475
0.736027 0.325059
0.168457 0.118491
0.697574 0.993262
0.391915 0.763739
0.654240 0.420962
0.048934 0.409429
0.029266 0.952242
0.409388 0.579240
0.940735 0.576025
0.172329 0.951614
0.187940 0.128146
0.362451 0.434851
0.977373 0.554055
0.805841 0.768984
0.402226 0.074649
0.119731 0.992717
0.859945 0.345718
0.832780 0.899867
0.923395 0.875206
0.186220 0.793465
0.055635 0.806527
0.576909 0.734936
0.549706 0.597519
0.037021 0.031456
0.812131 0.291056
0.807214 0.703504
0.564948 0.104961
0.066042 0.383981
0.925252 0.226263
0.422241 0.641688
0.496702 0.025096
0.695287 0.918408
0.599694 0.580413
0.835298 0.832838
0.186757 0.422299
0.819270 0.734834
0.844388 0.129443
0.439467 0.708953
0.730161 0.071805
0.711940 0.626228
0.348913 0.304109
0.029009 0.391990
0.306995 0.431501
0.708746 0.145482
0.479962 0.792853
0.248635 0.863684
0.932959 0.112840
0.115700 0.645202
0.517190 0.903578
0.801952 0.501893
0.068691 0.098870
0.448491 0.304572
0.943129 0.665846
0.270531 0.356959
0.080783 0.249688
0.318771 0.641948
0.172554 0.677184
0.117649 0.894126
0.626437 0.577473
0.187272 0.740871
0.236052 0.798043
0.778955 0.939396
0.782693 0.364945
0.510652 0.626869
0.267518 0.800052
0.329098 0.130136
0.059521 0.660009
0.264711 0.851576
0.772432 0.115208
0.555281 0.967374
0.829231 0.872240
0.262757 0.725478
0.339882 0.828063
0.102652 0.685114
0.644904 0.261318
0.632161 0.910881
0.615166 0.184043
0.306162 0.351558
0.311169 0.684407
0.950003 0.503910
0.790257 0.944385
0.374444 0.046279
0.753302 0.734990
0.303252 0.269130
0.703328 0.156405
0.843448 0.860629
0.566348 0.218805
0.949003 0.235282
0.309001 0.441832
0.520730 0.455517
0.000207 0.862196
0.023739 0.881551
0.822818 0.936699
0.313963 0.179707
0.054287 0.687743
0.156559 0.167831
0.230393 0.278619
0.213597 0.607417
0.511116 0.650687
0.642048 0.855156
0.036727 0.557712
0.385942 0.789265
0.228555 0.608952
0.269593 0.234671
0.327837 0.063576
0.746386 0.881310
0.016985 0.652442
0.562901 0.905394
0.685360 0.418585
0.578196 0.127214
0.162150 0.223837
0.483090 0.266824
0.100544 0.518508
0.697830 0.096439
0.728953 0.023668
0.698941 0.953085
0.456767 0.065891
0.282682 0.147514
0.500937 0.180803
0.996382 0.419566
0.387341 0.064164
0.598590 0.124303
0.261741 0.299139
0.098116 0.830014
0.110529 0.483005
0.289063 0.236545
0.223296 0.669864
0.793798 0.408913
0.318528 0.731036
0.269164 0.870461
0.293878 0.051253
0.470343 0.299905
0.465954 0.292026
0.987015 0.974536
0.617535 0.906560
0.312936 0.787893
0.765053 0.355315
0.721472 0.093617
0.232581 0.209902
0.625771 0.201762
0.283557 0.272359
0.943349 0.948000
0.831647 0.451522
0.490066 0.374577
0.460830 0.141504
0.270984 0.185101
0.880906 0.689973
0.133335 0.430410
0.325643 0.014943
0.739428 0.440210
0.361660 0.182151
0.488289 0.271639
0.507776 0.250393
0.292645 0.425163
0.610911 0.842563
0.278655 0.327374
0.644675 0.994845
0.230766 0.220774
0.820305 0.798070
0.329012 0.014750
0.429518 0.543484
0.760154 0.660947
0.672127 0.803381
0.774872 0.473254
0.104813 0.814336
0.601774 0.033013
0.788491 0.393339
0.314113 0.515048
0.671560 0.924846
0.026018 0.304672
0.040445 0.843131
0.703538 0.270570
0.769384 0.633380
0.660131 0.750430
0.160977 0.600460
0.517643 0.340479
0.730624 0.434240
0.470068 0.209234
0.738954 0.010600
0.497233 0.537645
0.267585 0.168523
0.347961 0.105868
0.721183 0.581133
0.041769 0.953830
0.771762 0.974390
0.642770 0.942114
0.803154 0.308664
0.754148 0.121607
0.506349 0.908772
0.524620 0.946712
0.381771 0.524154
0.569495 0.960498
0.707682 0.594815
0.065709 0.223057
0.123364 0.511158
0.990817 0.837554
0.488835 0.514393
0.041309 0.835289
0.381831 0.027652
0.924296 0.439877
0.674572 0.540047
0.789654 0.962379
0.620966 0.116919
0.588222 0.031708
0.344841 0.073988
0.285710 0.898729
0.211847 0.782510
0.396391 0.369207
0.844394 0.412665
0.982407 0.198849
0.879490 0.271087
0.555315 0.119827
0.046873 0.372767
0.179284 0.488203
0.242992 0.038874
0.718293 0.333800
0.172302 0.947974
0.488559 0.562958
0.962224 0.118154
0.182269 0.710205
0.560788 0.415272
0.112155 0.583960
0.441445 0.671066
0.300422 0.402510
0.308016 0.200932
0.508014 0.829139
0.034432 0.485379
0.752101 0.634054
0.993026 0.057239
0.161742 0.319680
0.006227 0.519466
0.640635 0.418736
0.417340 0.877279
0.611902 0.263502
0.319646 0.200825
0.264643 0.670162
0.637764 0.261647
0.539732 0.860632
0.268379 0.024896
0.276086 0.940723
0.020512 0.121553
0.173724 0.706309
0.978686 0.588309
0.088498 0.457997
0.783070 0.179089
0.295840 0.667575
0.317835 0.728858
0.795147 0.830782
0.551267 0.378795
0.618463 0.186271
0.204565 0.818704
0.817278 0.406863
0.467406 0.429753
0.452384 0.227791
0.218288 0.832779
0.667082 0.975779
0.160225 0.923445
0.765577 0.527575
0.653252 0.837627
0.527628 0.647382
0.976770 0.720296
0.078474 0.716804
0.973876 0.390729
0.043428 0.727326
0.309146 0.917926
0.182539 0.376669
0.023677 0.438702
0.190004 0.597092
0.746187 0.279840
0.133731 0.119744
0.254737 0.828421
0.433069 0.192964
0.283637 0.349925
0.203957 0.539528
0.569477 0.779581
0.695515 0.245804
0.157506 0.903880
0.825635 0.007440
0.023427 0.488827
0.838340 0.925339
0.193961 0.809346
0.416008 0.651972
0.315542 0.125972
0.707545 0.308069
0.029723 0.966793
0.428795 0.099308
0.812427 0.848604
0.301350 0.682765
0.120237 0.387081
0.221517 0.245583
0.964786 0.034676
0.550732 0.636403
0.333849 0.243014
0.796397 0.171014
0.650540 0.999794
0.837802 0.423718
0.681701 0.588469
0.652110 0.311435
0.504987 0.076449
0.231987 0.399739
0.156726 0.159488
0.178275 0.551520
0.452420 0.622061
0.980988 0.606981
0.225266 0.265407
0.197433 0.776831
0.496800 0.113597
0.873718 0.395697
0.609610 0.974617
0.583602 0.508081
0.907834 0.895472
0.455838 0.682564
0.677807 0.296454
0.163285 0.568794
0.036076 0.822894
0.760627 0.708832
0.928155 0.957990
0.467216 0.674817
0.974575 0.853452
0.654137 0.439492
0.742547 0.058488
0.023181 0.753617
0.129524 0.811886
0.394467 0.951519
0.063984 0.502886
0.269806 0.101086
0.541143 0.006286
0.210221 0.451805
0.346169 0.863171
0.285900 0.322133
0.910746 0.171465
0.624580 0.395874
0.065140 0.796914
0.998109 0.422456
0.598299 0.837106
0.785739 0.505052
0.284190 0.251859
0.869255 0.076751
0.590324 0.489133
0.491716 0.804881
0.152042 0.988522
0.314582 0.826019
0.166676 0.759400
0.675648 0.795071
0.999143 0.683375
0.515775 0.698665
0.758433 0.460423
0.228870 0.218081
0.021876 0.758495
0.349557 0.758592
0.130230 0.672217
0.043026 0.593758
0.025780 0.697364
0.791972 0.412393
0.356112 0.232116
0.853881 0.467445
0.756193 0.619856
0.145788 0.170142
0.262239 0.858169
0.323940 0.888940
0.629769 0.708312
0.280480 0.048193
0.453892 0.640611
0.335230 0.952724
0.638797 0.993664
0.801292 0.510281
0.164325 0.649934
0.151225 0.405705
0.493585 0.494675
0.247823 0.022997
0.553286 0.451749
0.063816 0.517603
0.115000 0.991825
0.740060 0.363835
0.839730 0.102183
0.877781 0.658874
0.081609 0.437446
0.596759 0.623733
0.737007 0.659114
0.643688 0.820446
0.020559 0.959713
0.430261 0.284397
0.489618 0.940297
0.918904 0.817719
0.223258 0.285972
0.829018 0.652210
0.245939 0.869121
0.904134 0.634915
0.984631 0.551535
0.858144 0.303222
0.952067 0.362146
0.099550 0.155134
0.633452 0.757185
0.054726 0.469513
0.784207 0.526984
0.418870 0.176943
0.113639 0.333046
0.284949 0.367728
0.076183 0.226019
0.515317 0.991613
0.415763 0.413092
0.284122 0.557721
0.859870 0.669386
0.998684 0.945276
0.843359 0.041753
0.754769 0.615884
0.745815 0.977454
0.220475 0.361381
0.552589 0.336087
0.864625 0.542537
0.005253 0.911003
0.522192 0.686035
0.508721 0.614111
0.980995 0.441796
0.697968 0.859429
0.104508 0.581340
0.458572 0.992175
0.936973 0.186204
0.097605 0.453638
0.019152 0.496963
0.738443 0.883267
0.963238 0.916878
0.913945 0.334873
0.386587 0.814214
0.467146 0.150561
0.454269 0.369920
0.085322 0.350413
0.959221 0.926474
0.969138 0.571683
0.105895 0.226988
0.186365 0.188654
0.888343 0.204018
0.378965 0.093067
0.036508 0.947851
0.762415 0.434894
0.168817 0.980404
0.434163 0.544554
0.075424 0.279543
0.262334 0.139024
0.894184 0.193819
0.030803 0.985860
0.939574 0.722946
0.841441 0.156240
0.079977 0.864218
0.358485 0.322776
0.688695 0.757041
0.613686 0.095288
0.365273 0.013158
0.097459 0.728370
0.272605 0.159620
0.980456 0.820355
0.682147 0.325595
0.167783 0.816103
0.926539 0.863694
0.252622 0.089185
0.504198 0.773122
0.981643 0.915872
0.031998 0.022070
0.631724 0.127802
0.607379 0.009404
0.741701 0.387152
0.757881 0.692721
0.477640 0.508633
0.090205 0.648360
0.640755 0.815832
0.049169 0.187774
0.662958 0.551733
0.414871 0.026965
0.834020 0.290128
0.364789 0.455531
0.544927 0.240941
0.498711 0.925381
0.201704 0.550564
0.973110 0.479767
0.905121 0.037980
0.523917 0.002875
0.270988 0.916633
0.415447 0.463038
0.403074 0.739469
0.398174 0.510996
0.063427 0.713296
0.534321 0.973568
0.871127 0.345446
0.372458 0.660278
0.458447 0.554611
0.970966 0.090658
0.594786 0.677590
0.219371 0.586095
0.774950 0.285508
0.977011 0.130266
0.473927 0.728871
0.440191 0.514491
0.474816 0.053613
0.321482 0.082913
0.760315 0.477590
0.407162 0.760929
0.657119 0.413274
0.133898 0.482597
0.192437 0.419484
0.880752 0.275888
0.433708 0.031481
0.894030 0.079533
0.634463 0.971426
0.913114 0.030958
0.270207 0.107706
0.405510 0.452742
0.167200 0.774538
0.348938 0.399166
0.297223 0.286550
0.419990 0.410248
0.515170 0.708899
0.111771 0.093022
0.155430 0.096177
0.162631 0.031235
0.827031 0.801097
0.023824 0.325000
0.626494 0.153222
0.171654 0.067334
0.157490 0.647125
0.629747 0.267038
0.258062 0.415623
0.478768 0.917590
0.677491 0.319975
0.765552 0.442657
0.589402 0.656298
0.325130 0.500629
0.101063 0.847044
0.952417 0.901839
0.044754 0.852874
0.842074 0.130669
0.720958 0.053849
0.811861 0.802027
0.967649 0.433947
0.496901 0.431108
0.510374 0.815366
0.868373 0.015364
0.668237 0.624195
0.611871 0.749591
0.733001 0.107407
0.710295 0.829112
0.012264 0.319727
0.200159 0.018795
0.868686 0.537619
0.736936 0.217602
0.124658 0.155878
0.845914 0.258457
0.617665 0.354461
0.440396 0.855174
0.734281 0.335665
0.897200 0.315795
0.750249 0.789832
0.360744 0.524493
0.459432 0.624525
0.729858 0.912141
0.583856 0.902359
0.992914 0.545734
0.252120 0.642513
0.729191 0.648276
0.055709 0.188644
0.238584 0.245022
0.939107 0.668015
0.232194 0.165563
0.048324 0.283012
0.336707 0.280695
0.719819 0.566989
0.103303 0.649361
0.310542 0.741360
0.488969 0.140896
0.182943 0.551475
0.284484 0.382071
0.785567 0.555985
0.877260 0.688038
0.153814 0.099551
0.643321 0.535565
0.734297 0.554550
0.987632 0.981642
0.272159 0.791870
0.766116 0.840461
0.420339 0.927801
0.376776 0.713324
0.602378 0.363947
0.227883 0.685354
0.902332 0.398498
0.096469 0.280608
0.400654 0.407058
0.637675 0.115150
0.112606 0.173543
0.165733 0.175759
0.005225 0.274203
0.565691 0.992192
0.411068 0.846056
0.209471 0.939770
0.017020 0.027133
0.362069 0.875315
0.566924 0.035135
0.840350 0.162181
0.375998 0.085400
0.931209 0.006237
0.878457 0.168362
0.202258 0.220715
0.142347 0.143097
0.871590 0.417084
0.362677 0.245464
0.904910 0.584995
0.345233 0.197677
0.912919 0.204810
0.065329 0.630536
0.277094 0.177892
0.605091 0.456372
0.157070 0.574456
0.667232 0.693777
0.252144 0.518855
0.337514 0.926674
0.481222 0.570553
0.531387 0.998013
0.895939 0.987407
0.240388 0.482366
0.452807 0.701492
0.722585 0.418356
0.526689 0.465652
0.765596 0.494410
0.678035 0.823128
0.678280 0.364172
0.478443 0.466235
0.959269 0.435743
0.913584 0.909641
0.746547 0.202049
0.425149 0.645038
0.256785 0.160408
0.482244 0.599832
0.647344 0.611534
0.291415 0.348199
0.382920 0.204535
0.206932 0.458569
0.128395 0.109969
0.505490 0.047637
0.402473 0.748683
0.974257 0.499877
0.257140 0.627954
0.144941 0.930498
0.755044 0.150659
0.097673 0.926283
0.956054 0.251343
0.171866 0.689614
0.993702 0.257766
0.360860 0.359870
0.465424 0.262400
0.558907 0.831639
0.400361 0.280175
0.934489 0.549746
0.232703 0.347144
0.500943 0.088933
0.033832 0.710704
0.742004 0.470371
0.864316 0.588406
0.757363 0.935983
0.790364 0.310549
0.118971 0.039771
0.390548 0.007453
0.737905 0.451768
0.732230 0.497744
0.014894 0.872126
0.920532 0.601060
0.699166 0.060671
0.695717 0.084000
0.320788 0.298531
0.841430 0.462897
0.062724 0.242200
0.444361 0.947492
0.241322 0.775399
0.174943 0.642336
0.225584 0.771987
0.542520 0.892593
0.106781 0.189284
0.766248 0.335967
0.069476 0.703088
0.135720 0.119194
0.502849 0.411990
0.173997 0.670567
0.415488 0.685160
0.382819 0.825863
0.574073 0.811830
0.626023 0.361690
0.387749 0.807446
0.029227 0.173144
0.629537 0.743422
0.852355 0.771011
0.981483 0.919857
0.420942 0.788509
0.296020 0.928742
0.997163 0.734579
0.334548 0.962996
0.040950 0.410002
0.510035 0.514627
0.224876 0.402237
0.711148 0.777583
0.718320 0.016755
0.675549 0.241178
0.645712 0.380079
0.573501 0.224738
0.677383 0.902626
0.334590 0.063662
0.939413 0.549045
0.831779 0.946201
0.874870 0.520378
0.977311 0.437750
0.249729 0.868229
0.882021 0.059384
0.736784 0.335133
0.860098 0.242932
0.580303 0.130247
0.883330 0.136012
0.647913 0.225573
0.756639 0.184194
0.758285 0.505990
0.708686 0.520608
0.556542 0.604432
0.228344 0.575748
0.263839 0.299460
0.499023 0.228256
0.618980 0.299568
0.186041 0.898720
0.435822 0.942928
0.414720 0.010588
0.199218 0.835350
0.360186 0.846377
0.388209 0.296724
0.800727 0.072289
0.875952 0.419866
0.328710 0.219921
0.594407 0.947946
0.352419 0.230669
0.247652 0.091032
0.236715 0.644200
0.713449 0.416604
0.943643 0.166963
0.715709 0.405145
0.239376 0.194649
0.167613 0.977855
0.389425 0.608138
0.432370 0.810964
0.758587 0.046739
0.641371 0.968821
0.850425 0.295674
0.610935 0.450365
0.584575 0.561768
0.733228 0.320819
0.432322 0.579103
0.008089 0.271660
0.486148 0.180508
0.719073 0.105225
0.722852 0.822215
0.685593 0.917264
0.711678 0.221188
0.822009 0.243280
0.831538 0.588852
0.512653 0.578983
0.393596 0.270470
0.460394 0.138057
0.619638 0.546859
0.673078 0.638267
0.923960 0.517147
0.012476 0.880332
0.120976 0.729194
0.197424 0.123300
0.954746 0.035711
0.030199 0.448338
0.585703 0.176610
0.724678 0.939202
0.498480 0.121762
0.843481 0.942909
0.832822 0.564690
0.839746 0.376884
0.499676 0.081302
0.324155 0.915651
0.853452 0.594157
0.905366 0.426928
0.937611 0.945871
0.569968 0.050203
0.884662 0.911388
0.943054 0.472020
0.291293 0.087513
0.879335 0.723020
0.801806 0.769066
0.817365 0.110990
0.338278 0.814170
0.734276 0.766756
0.759611 0.066920
0.826074 0.085913
0.822405 0.317088
0.212124 0.195906
0.077226 0.498263
0.784602 0.650441
0.992043 0.771027
0.728289 0.411321
0.120809 0.379758
0.859650 0.335847
0.122516 0.531355
0.607448 0.118314
0.766311 0.507903
0.587138 0.038403
0.215790 0.440469
0.104089 0.729879
0.216778 0.361280
0.033394 0.253102
0.849054 0.533517
0.732130 0.207588
0.196178 0.583827
0.192002 0.197723
0.099221 0.759559
0.088181 0.888977
0.870554 0.161262
0.967394 0.340928
0.888997 0.072275
0.143771 0.441396
0.047672 0.269514
0.598837 0.131629
0.124468 0.401187
0.103120 0.652841
0.790426 0.473839
0.065304 0.612307
0.239834 0.380035
0.192780 0.640477
0.818926 0.858543
0.771809 0.546607
0.555825 0.203003
0.015195 0.559250
0.697654 0.396023
0.642924 0.324995
0.352910 0.379268
0.846366 0.203551
0.967874 0.260275
0.490676 0.256699
0.477431 0.399266
0.374779 0.299514
0.021973 0.807578
0.451001 0.259761
0.188234 0.157908
0.949027 0.596695
0.262423 0.261250
0.993474 0.644684
0.163249 0.796835
0.436910 0.668905
0.587780 0.142656
0.123249 0.755309
0.239656 0.712800
0.023056 0.975881
0.500490 0.428712
0.794982 0.410156
0.687159 0.024047
0.917658 0.548156
0.728629 0.941748
0.420311 0.104312
0.033740 0.473214
0.575300 0.351869
0.488006 0.126760
0.161891 0.903528
0.177033 0.537274
0.328174 0.949128
0.097554 0.230218
0.299228 0.361241
0.096455 0.154672
0.865585 0.480790
0.159938 0.917179
0.723588 0.254011
0.876533 0.737952
0.994686 0.078840
0.619491 0.260299
0.152572 0.289964
0.726812 0.628717
0.313716 0.104642
0.123817 0.610209
0.475082 0.370879
0.096749 0.493352
0.264710 0.873606
0.694001 0.417433
0.919514 0.559050
0.829144 0.593375
0.943249 0.088826
0.778001 0.041450
0.107285 0.808128
0.726154 0.594788
0.916437 0.395404
0.005456 0.071654
0.724019 0.259371
0.585158 0.439622
0.232138 0.743469
0.030454 0.686603
0.749166 0.083515
0.279503 0.923959
0.463504 0.583257
0.773835 0.855312
0.102996 0.532711
0.206437 0.693770
0.944242 0.046844
0.645688 0.641712
0.414709 0.627145
0.389872 0.986998
0.479872 0.824899
0.929707 0.741205
0.675078 0.703873
0.129275 0.272187
0.457456 0.423899
0.162752 0.322824
0.714891 0.054000
0.633006 0.365539
0.935450 0.289798
0.968944 0.852729
0.210806 0.897072
0.310675 0.442312
0.433864 0.163215
0.510880 0.052086
0.969200 0.421655
0.833788 0.307546
0.287127 0.604003
0.772091 0.328423
0.736388 0.105783
0.073537 0.089723
0.282358 0.521487
0.299887 0.300530
0.502849 0.041773
0.831788 0.568750
0.118052 0.977576
0.288092 0.232550
0.867468 0.748730
0.493295 0.878079
0.463290 0.026442
0.721823 0.263671
0.323304 0.929784
0.621912 0.763811
0.533581 0.590485
0.766726 0.946285
0.709877 0.028139
0.356994 0.773609
0.033373 0.879958
0.672563 0.237148
0.436394 0.029071
0.070520 0.550269
0.226937 0.178959
0.946411 0.652940
0.043286 0.296266
0.182953 0.958209
0.306242 0.608710
0.519817 0.907111
0.005015 0.325989
0.174382 0.781770
0.389060 0.836989
0.528173 0.950007
0.442506 0.350135
0.736498 0.183330
0.640685 0.059553
0.725572 0.774186
0.132037 0.883486
0.090816 0.745341
0.914916 0.645119
0.567140 0.719855
0.221583 0.301889
0.833517 0.090496
0.587339 0.885479
0.082015 0.170016
0.103497 0.106536
0.802418 0.625656
0.223691 0.430778
0.576735 0.698554
0.358588 0.359638
0.391789 0.162564
0.041963 0.620174
0.460078 0.282966
0.448422 0.094904
0.386002 0.617859
0.931141 0.498289
0.245552 0.444782
0.214966 0.908022
0.930779 0.052368
0.747413 0.439211
0.825580 0.590251
0.312505 0.025535
0.880159 0.594645
0.298070 0.114719
0.554974 0.701251
0.621095 0.016542
0.890342 0.435130
0.072205 0.711223
0.472355 0.385407
0.552024 0.326766
0.238315 0.907672
0.804571 0.332956
0.290320 0.755803
0.772262 0.006085
0.851194 0.447019
0.096749 0.620713
0.320785 0.929085
0.803796 0.167945
0.773588 0.253262
0.287603 0.983830
0.114945 0.744607
0.745018 0.209410
0.882331 0.089104
0.716863 0.000341
0.710882 0.618550
0.378928 0.650063
0.666396 0.612234
0.201564 0.307891
0.874477 0.835516
0.336504 0.988452
0.946911 0.712251
0.205916 0.231418
0.477111 0.074838
0.898072 0.408224
0.357041 0.453344
0.922927 0.910957
0.256477 0.549070
0.432668 0.045918
0.524576 0.767555
0.772832 0.733953
0.203411 0.073208
0.169048 0.009915
0.755786 0.204566
0.435439 0.092611
0.538374 0.408442
0.273131 0.950027
0.310417 0.669672
0.963778 0.697986
0.687387 0.783389
0.649938 0.409155
0.233990 0.956675
0.645731 0.006973
0.375988 0.041192
0.857272 0.220763
0.539107 0.200629
0.638376 0.651882
0.764768 0.525800
0.832553 0.761919
0.516759 0.852366
0.122711 0.140247
0.989882 0.130787
0.630684 0.639012
0.387078 0.435652
0.517018 0.476719
0.630427 0.063522
0.229557 0.566873
0.562625 0.241547
0.092966 0.209551
0.529650 0.382114
0.295816 0.048432
0.052636 0.812672
0.549795 0.933394
0.245712 0.138838
0.030055 0.593497
0.593544 0.215212
0.408604 0.119733
0.147468 0.631146
0.315515 0.302200
0.600071 0.246680
0.016031 0.305513
0.874003 0.875735
0.918643 0.193278
0.669846 0.492205
0.263169 0.643698
0.610021 0.144839
0.760971 0.910641
0.308989 0.099171
0.363498 0.849120
0.462270 0.763922
0.585370 0.975760
0.557090 0.782690
0.384706 0.449095
0.270280 0.253656
0.553029 0.671207
0.035778 0.039141
0.027843 0.533200
0.583224 0.549120
0.484006 0.560512
0.301003 0.914385
0.850938 0.500778
0.611560 0.609764
0.240842 0.159422
0.889946 0.391395
0.908754 0.693429
0.731631 0.182676
0.887719 0.793954
0.058481 0.899585
0.545395 0.696583
0.826425 0.230328
0.343271 0.806742
0.371215 0.653946
0.818790 0.774809
0.604712 0.924347
0.297851 0.428593
0.772688 0.761893
0.659608 0.125587
0.578462 0.965901
0.263923 0.068973
0.014767 0.603437
0.052146 0.925109
0.884184 0.901209
0.648245 0.031026
0.561844 0.077521
0.082141 0.055688
0.121444 0.528836
0.566874 0.776876
0.783241 0.298221
0.444632 0.508565
0.005266 0.877290
0.497962 0.579119
0.231872 0.776039
0.361410 0.684332
0.515813 0.844288
0.531678 0.843615
0.329779 0.350086
0.708477 0.691556
0.111194 0.308980
0.128699 0.233265
0.372071 0.980280
0.371219 0.447120
0.076399 0.371247
0.302650 0.365974
0.118529 0.656900
0.077675 0.696257
0.235939 0.696828
0.448505 0.960433
0.389809 0.817913
0.939172 0.037342
0.599647 0.259862
0.234235 0.511489
0.940799 0.061925
0.959137 0.806593
0.900208 0.050357
0.300734 0.122228
0.401547 0.173552
0.069137 0.646967
0.533996 0.881954
0.156041 0.347877
0.582725 0.080970
0.892253 0.965924
0.538184 0.827911
0.491684 0.095667
0.401921 0.525550
0.732332 0.135279
0.440231 0.695652
0.632888 0.084037
0.336437 0.047849
0.149617 0.209026
0.415183 0.500841
0.822881 0.777701
0.499964 0.309456
0.132886 0.883373
0.456280 0.618469
0.695483 0.744937
0.823410 0.490569
0.433248 0.752909
0.361350 0.054587
0.815945 0.653180
0.459106 0.980294
0.676197 0.133925
0.350774 0.534995
0.792381 0.852353
0.591309 0.077285
0.374960 0.338056
0.880185 0.153538
0.263528 0.047284
0.465898 0.161442
0.976525 0.431433
0.905909 0.202604
0.571585 0.741089
0.794794 0.665525
0.999020 0.716292
0.611761 0.874793
0.718218 0.130311
0.769010 0.150670
0.148674 0.290460
0.746578 0.584312
0.346050 0.800965
0.094044 0.297239
0.848251 0.362406
0.326257 0.535130
0.908581 0.962090
0.079279 0.948470
0.960775 0.349371
0.018079 0.352813
0.770460 0.122518
0.244727 0.119607
0.034164 0.837651
0.596820 0.876716
0.123376 0.680047
0.575045 0.837791
0.480362 0.287480
0.508182 0.477176
0.686124 0.944158
0.366612 0.570805
0.355205 0.557780
0.912602 0.329531
0.932382 0.768672
0.726683 0.805756
0.543930 0.205706
0.989690 0.283272
0.283222 0.527610
0.411210 0.086839
0.458511 0.339624
0.914677 0.894150
0.605633 0.712715
0.588086 0.231021
0.756476 0.271632
0.365629 0.842905
0.365048 0.048149
0.023782 0.731238
0.045262 0.995713
0.992799 0.419593
0.247580 0.807596
0.730270 0.940043
0.217243 0.947734
0.598582 0.552784
0.624289 0.270976
0.370975 0.884367
0.658321 0.864215
0.286973 0.073371
0.135157 0.258318
0.494252 0.191754
0.678584 0.778167
0.713075 0.727834
0.570185 0.744473
0.884778 0.639040
0.943392 0.559947
0.667476 0.475914
0.551002 0.754525
0.998340 0.047602
0.546829 0.409380
0.929451 0.154916
0.823715 0.130419
0.772857 0.892748
0.746511 0.949445
0.600314 0.280964
0.867424 0.749724
0.838435 0.529069
0.842288 0.115175
0.919636 0.225921
