dClose dFar
70.248524 143.761110
73.429200 114.342864
61.934265 122.544261
98.222126 123.790505
72.479629 133.458103
106.266514 139.940133
52.986310 117.486177
56.681839 117.305878
62.213779 107.393149
53.640443 102.260499
48.118713 114.252858
103.685753 134.937846
64.673103 117.961292
94.566698 152.137338
102.994408 107.041114
49.855170 104.775519
59.643003 117.292026
75.215920 128.356199
124.657075 148.950114
78.215090 130.458178
93.998273 122.436874
57.722163 131.769905
66.739479 137.604834
63.151205 125.891237
47.186246 110.011228
111.020005 111.927705
50.482786 107.600874
48.979339 87.985530
59.487023 115.964815
35.061967 129.231743
35.166729 116.211683
53.309400 106.180941
75.342188 112.926887
115.087709 156.659661
73.936860 146.987533
113.004990 151.013898
62.099407 129.729966
95.670431 123.402292
50.558274 116.894713
119.639266 146.343181
66.680177 136.153462
91.540048 95.614839
64.983329 103.912102
67.336165 126.772680
60.602064 118.807577
111.431530 129.204308
59.454098 124.609417
66.801267 135.584696
93.714008 128.569968
55.913841 135.818370
71.103347 119.367016
96.763772 139.700992
118.371937 139.089717
53.601584 111.022751
77.915154 81.077989
60.858655 109.036036
75.686699 124.142910
73.662606 110.141832
54.098360 137.042850
57.780928 135.649032
62.200065 124.010701
109.570331 150.761763
52.518269 116.445476
57.545109 104.635149
52.667317 129.768532
49.625109 109.976118
53.785929 125.626616
46.974999 110.003427
100.543628 127.140762
99.597958 138.733024
57.493550 110.336914
45.073845 107.193063
65.408479 105.489242
58.258403 101.877692
61.694088 158.200455
94.430073 101.043598
49.524820 128.178474
60.720128 117.403722
57.820258 131.645148
63.082557 134.598242
60.310305 113.817754
60.118816 141.983046
57.283318 106.208032
56.845334 90.560448
62.016710 131.810027
65.675247 114.591375
70.593162 138.997733
113.251576 151.927211
64.629746 98.547233
87.805447 153.603191
75.712068 131.864671
109.540922 115.461381
70.399475 134.336660
61.996279 143.188865
70.653338 104.233407
54.586229 115.616526
106.883081 118.759078
52.358280 107.058879
60.867973 120.513329
63.440852 125.568608
136.275311 149.815407
106.285547 112.943111
65.217630 120.009382
121.920829 145.801641
66.084795 98.940713
77.477364 120.865119
53.406702 108.494701
57.559007 100.405528
61.439068 108.049430
73.050504 105.155815
60.106332 101.905127
64.246451 113.542807
117.317317 131.775687
95.113737 130.564523
81.919583 131.724913
58.680808 118.264792
71.073568 87.842144
59.456565 122.972666
56.922694 112.533599
54.466059 118.297358
69.556935 124.688799
114.056566 142.654606
59.904565 140.140045
49.988322 118.992337
52.146136 124.655217
58.425000 107.069440
51.869781 94.165160
57.978198 108.858207
55.476986 129.506075
95.398145 129.064603
46.716505 113.545773
103.888694 136.334719
56.809753 110.102565
82.633205 173.953539
63.222127 135.050228
65.187236 106.250769
74.474133 117.116856
99.439672 134.993529
47.470050 110.307374
61.388261 106.600766
57.687755 123.381074
117.658449 135.602267
68.936614 109.029516
54.630002 143.075274
59.116911 109.201662
113.898227 136.199086
62.332759 109.860348
56.820534 99.730803
77.741223 165.332720
65.599013 105.190486
65.941246 99.078729
56.296146 103.896903
86.186340 86.320247
69.360485 154.486626
110.658180 139.382590
47.922733 117.821276
76.898589 121.596118
89.139905 135.109089
47.172521 106.305312
56.999509 129.528427
62.906604 107.474218
49.767991 140.376759
68.743646 117.746630
75.354660 120.386459
66.481865 92.786732
58.946206 111.736698
81.378700 94.014098
76.692796 104.770135
61.835878 119.798522
63.128613 113.001495
58.079886 125.935884
62.198751 128.671157
75.480656 118.317841
102.569394 136.229448
59.929186 130.503835
72.428441 116.986705
66.825288 122.215024
128.165425 137.230480
54.999640 108.657391
90.533979 131.966966
55.909914 109.619396
63.425320 116.447087
59.128277 103.034804
87.878726 131.142985
76.152924 115.496929
72.716922 131.900589
96.745877 127.858825
67.756761 96.177648
66.380289 105.429968
111.227181 147.587910
63.230236 105.719551
73.474046 124.168709
52.685677 114.908853
87.754613 99.174061
116.735936 133.857248
78.598707 109.841544
58.357232 136.351908
97.137314 133.751553
59.766425 110.763513
55.799843 124.313891
101.975232 130.081935
94.200830 128.811993
79.588031 136.930465
75.354406 108.640110
67.583480 125.049533
67.116177 129.866886
68.412928 110.810114
63.881916 107.988781
50.184020 117.816610
115.092457 140.972307
56.312976 147.688024
50.491744 109.839559
67.464082 92.436626
58.111428 103.707728
48.096882 140.189443
47.546889 100.467844
64.054331 114.732949
78.981492 143.258745
78.048555 117.402447
63.638097 101.313442
68.554726 96.511429
73.456304 126.670913
58.484751 110.744523
60.980053 115.659113
64.118016 109.381649
50.893466 117.428787
89.075902 123.410802
58.764418 125.220167
56.749079 107.631359
56.808453 112.250935
44.171021 101.982096
46.563390 115.635143
89.627018 113.679854
60.083047 121.262593
63.282465 126.609021
57.530093 124.988923
62.568918 130.795186
91.383286 126.670167
46.233738 112.875874
65.572381 145.893025
62.587351 130.558949
59.558795 121.914282
54.138626 141.237626
62.667222 106.891630
106.851278 135.889093
64.298914 126.227666
73.612119 120.748215
56.759549 113.367310
65.038851 88.901684
103.111168 121.539666
60.555014 108.159804
63.695594 126.370295
55.827909 114.574652
67.298469 114.377827
61.716457 121.589749
59.922917 118.467445
69.197486 125.607211
68.561383 136.438054
55.068010 151.544826
52.865794 147.357263
53.353433 103.217148
72.786520 104.952938
83.423233 96.766724
78.557238 97.268353
51.374788 117.215922
106.827136 134.448796
55.859737 127.872155
66.405352 107.894942
52.487235 115.620100
85.789900 108.013881
81.353910 126.408152
65.967061 136.112491
65.515515 137.350627
77.754963 103.882864
100.481218 125.878538
56.689705 128.450425
76.723758 125.092651
54.417778 96.897046
63.842737 121.906315
41.336063 99.626224
60.018253 124.690558
57.254056 97.098412
57.251952 130.317440
57.666579 132.276317
58.976365 121.702265
43.399582 146.082844
65.101893 152.154124
54.619113 107.053144
95.915366 146.620273
56.068931 113.825132
93.771822 156.628078
50.718087 148.961075
73.757701 107.174630
101.279180 166.413854
37.040132 113.526014
58.233029 126.550172
68.396405 123.573506
53.887500 108.002196
55.681398 121.892471
75.747907 123.311216
81.082405 116.443510
51.285887 111.748032
78.666560 125.211754
56.445299 89.900937
73.224999 137.915871
57.882445 103.709517
89.989968 128.431715
66.384639 106.841193
76.250748 127.696271
57.180597 117.000435
49.251166 98.952960
69.626407 125.814444
93.843067 159.884624
57.047451 123.948785
63.321326 118.062865
64.033321 94.969231
61.411295 115.934257
63.075752 140.241492
48.667441 140.473946
62.630683 118.887419
101.162212 103.130951
66.913948 127.598003
76.690587 118.934028
58.001136 115.072031
85.789253 122.928686
47.754321 121.971352
47.615619 95.088624
71.375552 100.125657
65.151105 134.278982
54.025989 93.641410
47.094792 119.960083
55.376141 118.875470
65.686292 135.707007
124.600902 142.412696
55.195010 132.903840
79.410766 153.393322
66.795813 144.374590
67.389766 123.908774
92.071878 105.820320
69.620207 98.925777
103.079409 143.187720
45.544044 105.232946
64.500711 114.757209
76.020358 127.971151
94.806426 136.114962
56.535286 118.194465
60.672345 144.504876
112.396024 138.849077
99.738850 135.843869
60.226320 105.157029
93.318368 112.431630
69.113933 125.395102
93.591047 98.778715
104.467790 137.762516
60.254518 125.303567
69.764088 114.950341
63.509621 144.342614
66.398955 115.299204
67.130188 117.856345
81.167360 113.864694
67.789066 83.331438
53.174040 102.493751
57.953966 112.244178
51.891937 123.417117
99.615933 149.554710
119.075124 126.139356
62.262299 119.571976
73.860864 113.570876
67.777271 111.510636
55.864983 122.453629
72.188923 126.011706
61.602022 111.227897
88.746290 133.314458
64.270012 114.731531
52.946670 116.673015
60.935829 118.949133
68.697402 119.511751
57.889037 126.706128
60.489804 128.538966
73.775346 118.540971
65.258097 117.846421
69.711660 137.705616
61.788176 113.839965
77.884532 109.909144
81.108849 110.048409
58.037712 113.375068
49.188983 123.846054
119.710805 140.000730
71.301695 94.027757
68.366974 121.063792
72.177536 104.339155
80.380204 135.690336
62.654221 96.673570
66.188036 121.593442
63.472708 121.365383
43.938330 93.986004
63.816097 84.821014
54.128304 100.619004
56.379263 90.356586
63.365075 133.963592
48.549494 109.115042
67.829398 119.995747
58.830094 128.704950
62.582796 122.117323
58.208489 141.201631
56.608566 118.386094
57.788657 120.800100
57.322837 97.048091
64.013314 140.548840
59.730750 123.512629
61.216220 130.401722
61.368067 128.477451
113.806897 143.170289
83.669256 122.112908
59.655515 118.144525
52.955177 111.358887
82.695478 140.295996
86.932103 127.989696
73.085814 153.048249
69.625039 127.257458
51.473319 109.336189
68.356534 119.075009
65.058817 95.195916
61.032065 133.463915
55.610860 123.639369
91.658239 128.090265
60.771356 118.477165
94.848184 127.390300
119.435133 149.802664
101.730514 163.208398
75.088022 99.432751
76.612714 103.988027
80.458843 120.404911
47.997545 100.624705
48.326466 113.038865
104.300074 145.600648
95.488439 132.258732
116.278398 117.993986
55.450540 117.153137
65.173514 145.132844
87.186998 133.526332
58.223634 122.142644
95.195682 140.606732
58.235759 122.393606
67.483720 110.911358
88.602592 133.626064
48.281222 119.838863
56.381993 139.177731
58.048216 97.256191
51.237924 124.283604
91.094806 119.432367
58.564957 126.876788
59.239246 122.259310
62.915366 147.584737
59.369787 100.056119
57.739025 106.347520
93.355552 125.637074
66.807321 113.790417
55.468548 128.111126
53.647377 123.161296
108.028050 135.241269
89.625472 119.420132
61.190503 138.759185
109.374574 122.821220
52.344783 134.334799
108.486001 124.677319
79.437078 131.918693
53.764911 116.466804
104.353877 149.674844
53.371392 104.675935
50.605279 103.225555
57.206845 111.251822
57.807558 100.555103
59.931679 128.966623
47.147059 124.196723
74.820751 141.952026
58.936010 91.477439
95.230331 150.661638
76.896385 135.600779
52.168975 126.779947
56.566499 107.012725
57.383796 123.719084
57.641900 128.759722
61.780366 112.877357
42.317271 125.795589
109.319227 132.445242
61.335032 161.227754
57.391629 103.495684
59.416262 119.674317
68.600834 137.935785
85.944656 129.295104
99.818526 103.357950
50.217613 114.524230
70.162822 110.900226
61.046546 113.967127
56.808271 100.924088
43.913671 131.589853
62.507873 125.028938
60.727777 115.318736
63.566636 123.985888
89.712930 97.235851
105.490973 133.442703
52.524843 119.918516
85.470748 127.056020
68.407513 106.699075
53.140395 111.354805
62.616319 118.076188
80.814343 121.939889
94.411087 143.685383
65.866032 105.949810
74.269184 106.726998
48.155955 123.955823
82.046141 106.312520
72.588496 115.391621
70.403271 101.400348
60.632163 114.239452
48.066565 125.921076
114.194010 146.955812
62.934506 110.249116
61.342507 126.934603
85.471601 98.395045
57.252181 118.273425
59.111664 123.934636
53.420682 107.399621
61.773945 108.548719
66.690788 121.730127
57.014366 120.181773
54.805934 137.621020
62.255271 109.970988
105.160341 105.215228
96.874638 136.480958
82.955874 116.516648
80.639520 151.956456
66.309709 113.139945
67.536519 125.900785
47.588468 120.148141
88.226024 100.699683
58.060539 123.330490
59.522534 104.059905
106.634953 132.692395
76.698529 128.181569
89.021400 89.293878
42.959189 147.277009
110.166795 130.017236
94.854096 127.780693
75.419019 132.217828
51.611073 120.034399
95.514550 180.226082
80.655460 104.311265
63.704372 96.884806
87.661734 111.254727
105.806947 146.645010
58.299454 109.920821
72.041639 127.116732
65.125418 129.277103
58.733935 124.812135
52.909594 122.535293
58.806754 117.098659
65.480416 122.282331
62.702261 111.400216
55.469499 127.198621
66.030446 120.845738
70.670144 119.790604
55.595857 124.429768
51.144338 124.023997
108.761445 139.521682
53.221354 120.258288
61.718874 107.124683
62.924876 117.896798
92.978006 104.195514
42.675108 112.861687
78.538586 128.583689
63.033879 118.164541
63.432418 106.363000
66.697706 154.683357
62.904570 117.826387
54.718722 98.508732
54.910191 104.531596
80.018100 103.338521
58.858108 136.038811
59.656887 120.624147
72.060173 120.498464
69.786330 94.217583
70.510762 109.009165
77.712953 149.264805
67.917586 126.795804
67.207707 128.071591
63.941163 124.064785
66.734837 114.404157
48.994324 94.794208
63.115054 94.939014
51.136251 112.450904
72.512992 126.658624
62.519833 98.868393
55.792470 87.759391
63.389553 150.681577
66.936640 132.887137
